NOT ORIGINAL IUE PROJECT DATA PRODUCT
LWR09364LOWLARGE
HD  40136
05:54:08
-14:10:32
40
X-TRAIL
NO
16.924
22/11/80
07:23:27
327
13.20
21/07/97
GSFC
2444565.80795
199
28
1150.58  2.99e-12  3.45e-12    -2    22     0
1152.26 -4.01e-13  3.20e-12    -1    -3     0
1153.93  3.00e-13  2.99e-12    -1     2     0
1155.61  1.65e-12  2.92e-12    -1    14     0
1157.29  5.91e-13  2.69e-12     0     5     0
1158.96 -3.13e-13  2.48e-12     0    -3     0
1160.64  1.47e-12  2.36e-12     0    16     0
1162.31 -2.66e-13  2.17e-12     0    -3     0
1163.99  2.09e-12  2.05e-12     0    26     0
1165.67  8.96e-13  1.93e-12     0    11     0
1167.34  3.81e-13  1.79e-12     0     5     0
1169.02  4.24e-14  1.66e-12     1     0     0
1170.70  1.18e-12  1.57e-12     1    18     0
1172.37  1.04e-12  1.46e-12     1    17     0
1174.05  7.28e-13  1.36e-12     1    13     0
1175.73  3.20e-13  1.28e-12     2     6     0
1177.40 -4.15e-13  1.20e-12     2    -8     0
1179.08 -6.09e-13  1.12e-12     2   -13     0
1180.75 -4.89e-13  1.08e-12     3   -10     0
1182.43  8.50e-13  1.03e-12     3    20     0
1184.11  2.55e-13  9.66e-13     3     6     0
1185.78  3.51e-13  9.00e-13     3     9     0
1187.46  5.06e-13  9.11e-13     3    14     0
1189.14  1.60e-12  8.91e-13     4    46     0
1190.81 -1.81e-13  1.02e-12     4    -5     0
1192.49 -3.85e-13  9.78e-13     4   -11     0
1194.17  2.63e-13  8.54e-13     4     8     0
1195.84  6.27e-13  7.79e-13     5    20     0
1197.52 -4.82e-13  7.27e-13     5   -16     0
1199.19  4.04e-13  6.68e-13     5    14     0
1200.87 -1.54e-14  6.49e-13     5     0     0
1202.55  5.74e-14  6.27e-13     5     2     0
1204.22  1.57e-13  6.08e-13     6     5     0
1205.90  3.52e-13  5.87e-13     6    13     0
1207.58 -1.33e-13  5.62e-13     6    -5     0
1209.25  1.19e-12  5.68e-13     6    49     0
1210.93  1.53e-12  5.64e-13     6    64     0
1212.60  1.92e-12  5.55e-13     7    82     0
1214.28  2.93e-12  5.62e-13     7   129     0
1215.96  3.34e-12  5.57e-13     7   150     0
1217.63  2.75e-12  5.32e-13     7   126     0
1219.31  1.54e-12  4.96e-13     7    72     0
1220.99  9.73e-13  4.76e-13     7    46     0
1222.66  4.39e-13  4.56e-13     7    21     0
1224.34  2.79e-13  4.42e-13     8    13     0
1226.02  5.15e-13  4.39e-13     8    25     0
1227.69  5.28e-13  4.31e-13     8    27     0
1229.37  3.96e-13  4.20e-13     8    20     0
1231.04  7.41e-13  4.16e-13     8    39     0
1232.72  6.94e-13  4.08e-13     8    37     0
1234.40 -1.45e-14  3.88e-13     8     0     0
1236.07  2.11e-13  3.84e-13     8    11     0
1237.75  3.20e-13  3.81e-13     9    17     0
1239.43  1.91e-13  3.72e-13     9    10     0
1241.10  2.77e-13  3.74e-13     9    15     0
1242.78  1.77e-13  3.67e-13     9    10     0
1244.46  2.90e-13  3.64e-13     9    16     0
1246.13  6.30e-14  3.50e-13     9     3     0
1247.81 -1.28e-13  3.45e-13     9    -7     0
1249.48 -7.26e-14  3.41e-13     9    -4     0
1251.16  1.64e-13  3.47e-13     9     9     0
1252.84  4.17e-14  3.40e-13     9     2     0
1254.51  2.96e-13  3.41e-13     9    17     0
1256.19 -4.60e-14  3.32e-13    10    -2     0
1257.87 -1.43e-13  3.29e-13    10    -8     0
1259.54 -6.46e-14  3.25e-13    10    -3     0
1261.22 -1.52e-13  3.22e-13    10    -9     0
1262.89  1.51e-13  3.22e-13    10     9     0
1264.57 -3.38e-13  3.16e-13    10   -21     0
1266.25  2.97e-13  3.21e-13    10    18     0
1267.92 -4.15e-13  3.13e-13    10   -25     0
1269.60 -2.28e-14  3.10e-13    10    -1     0
1271.28 -3.60e-13  3.08e-13    10   -22     0
1272.95 -2.91e-13  3.06e-13    10   -18     0
1274.63 -1.20e-13  3.03e-13    10    -7     0
1276.31  1.60e-13  3.03e-13    10    10     0
1277.98  2.20e-13  3.01e-13    10    13     0
1279.66  2.59e-13  3.00e-13    10    16     0
1281.33  2.35e-13  2.97e-13    10    15     0
1283.01  3.81e-14  2.91e-13    10     2     0
1284.69 -6.92e-14  2.89e-13    10    -4     0
1286.36  2.38e-13  2.90e-13    10    15     0
1288.04  9.01e-14  2.85e-13    10     5     0
1289.72 -1.24e-13  2.82e-13    10    -8     0
1291.39  2.27e-14  2.84e-13    10     1     0
1293.07  2.86e-13  2.88e-13    10    18     0
1294.75 -1.31e-13  2.81e-13    10    -8     0
1296.42  8.47e-14  2.78e-13    10     5     0
1298.10  5.87e-14  2.75e-13    10     3     0
1299.77  1.17e-13  2.76e-13    10     7     0
1301.45 -1.82e-15  2.76e-13    10     0     0
1303.13 -1.73e-13  2.75e-13    10   -11     0
1304.80 -1.37e-13  2.74e-13    10    -8     0
1306.48  2.86e-13  2.75e-13    10    18     0
1308.16  2.61e-13  2.74e-13    10    16     0
1309.83 -1.42e-13  2.68e-13    10    -9     0
1311.51  2.58e-13  2.74e-13    10    16     0
1313.19  4.74e-13  2.78e-13    10    30     0
1314.86  6.22e-14  2.67e-13    10     3     0
1316.54  3.70e-13  2.96e-13    10    23     0
1318.21 -1.71e-13  2.62e-13    10   -11     0
1319.89 -7.98e-14  2.63e-13    10    -5     0
1321.57  3.00e-14  2.67e-13    10     1     0
1323.24  1.93e-13  2.79e-13    10    12     0
1324.92  1.16e-13  2.71e-13     9     7     0
1326.60  1.10e-13  2.62e-13     9     6     0
1328.27 -5.47e-14  2.59e-13     9    -3     0
1329.95  1.63e-13  2.61e-13     9    10     0
1331.62  3.85e-13  2.62e-13     9    24     0
1333.30  4.82e-13  2.63e-13     9    30     0
1334.98  3.56e-13  2.59e-13     9    22     0
1336.65  3.96e-13  2.68e-13     9    24     0
1338.33 -3.44e-14  2.59e-13     9    -2     0
1340.01  3.47e-13  2.65e-13     9    21     0
1341.68  3.79e-13  2.66e-13     9    23     0
1343.36  3.22e-13  2.65e-13     9    19     0
1345.04  1.87e-13  2.59e-13     9    11     0
1346.71  2.58e-13  2.70e-13     9    15     0
1348.39  2.12e-13  2.76e-13     8    12     0
1350.06 -5.12e-14  2.57e-13     8    -3     0
1351.74  6.02e-13  2.71e-13     8    36     0
1353.42  2.27e-13  2.62e-13     8    13     0
1355.09  1.82e-13  2.63e-13     8    10     0
1356.77  2.81e-13  2.65e-13     8    16     0
1358.45  1.02e-13  2.60e-13     8     5     0
1360.12  2.44e-13  2.63e-13     8    14     0
1361.80  1.78e-13  2.61e-13     8    10     0
1363.48  5.09e-13  2.69e-13     8    29     0
1365.15  5.26e-13  2.69e-13     8    30     0
1366.83  1.27e-13  2.60e-13     7     7     0
1368.50  2.39e-13  2.62e-13     7    13     0
1370.18  2.08e-13  2.63e-13     7    11     0
1371.86 -4.42e-14  2.59e-13     7    -2     0
1373.53  6.87e-13  2.76e-13     7    38     0
1375.21  3.82e-13  2.66e-13     7    21     0
1376.89  3.58e-13  2.65e-13     7    19     0
1378.56  5.55e-13  2.74e-13     7    30     0
1380.24  1.47e-13  2.60e-13     7     8     0
1381.91  2.98e-13  2.64e-13     7    16     0
1383.59  4.57e-13  2.68e-13     6    24     0
1385.27  3.32e-13  2.68e-13     6    17     0
1386.94  2.49e-13  2.66e-13     6    13     0
1388.62 -2.31e-14  2.61e-13     6    -1     0
1390.30  2.35e-13  2.64e-13     6    12     0
1391.97  2.69e-13  2.66e-13     6    14     0
1393.65  4.41e-13  2.71e-13     6    23     0
1395.33  4.35e-13  2.72e-13     6    22     0
1397.00  3.27e-13  2.69e-13     6    16     0
1398.68  7.19e-14  2.62e-13     6     3     0
1400.35  3.98e-13  2.71e-13     5    20     0
1402.03  4.13e-13  2.73e-13     5    20     0
1403.71  3.54e-13  2.71e-13     5    17     0
1405.38  4.35e-13  2.72e-13     5    21     0
1407.06  2.52e-13  2.69e-13     5    12     0
1408.74  3.08e-13  2.71e-13     5    15     0
1410.41  1.83e-13  2.66e-13     5     9     0
1412.09  4.76e-13  2.74e-13     5    23     0
1413.77  1.50e-13  2.67e-13     5     7     0
1415.44  3.32e-13  2.74e-13     5    15     0
1417.12  5.37e-13  2.81e-13     4    25     0
1418.79  1.53e-13  2.71e-13     4     7     0
1420.47  5.59e-13  2.80e-13     4    26     0
1422.15  6.22e-13  2.81e-13     4    29     0
1423.82  1.15e-13  2.69e-13     4     5     0
1425.50  4.87e-13  2.81e-13     4    22     0
1427.18 -3.61e-14  2.70e-13     4    -1     0
1428.85  3.35e-13  2.78e-13     4    15     0
1430.53  6.63e-13  2.83e-13     4    30     0
1432.20 -2.59e-14  2.68e-13     3    -1     0
1433.88  4.77e-13  2.79e-13     3    21     0
1435.56 -1.46e-13  2.71e-13     3    -6     0
1437.23  3.94e-13  2.79e-13     3    17     0
1438.91  3.32e-13  2.79e-13     3    14     0
1440.59  1.68e-13  2.74e-13     3     7     0
1442.26  4.72e-13  2.82e-13     3    20     0
1443.94  4.38e-13  2.82e-13     3    18     0
1445.62 -1.18e-13  2.70e-13     3    -5     0
1447.29  1.54e-13  2.72e-13     3     6     0
1448.97  1.35e-13  2.72e-13     3     5     0
1450.64  2.30e-13  2.76e-13     2     9     0
1452.32  2.76e-13  2.75e-13     2    11     0
1454.00  5.38e-13  2.83e-13     2    22     0
1455.67  4.33e-13  2.79e-13     2    18     0
1457.35  6.42e-13  2.83e-13     2    27     0
1459.03  6.89e-13  2.83e-13     2    29     0
1460.70  3.94e-13  2.78e-13     2    16     0
1462.38  7.68e-13  2.88e-13     2    31     0
1464.06  5.07e-13  2.81e-13     2    20     0
1465.73  3.74e-13  2.74e-13     2    15     0
1467.41  7.68e-13  2.82e-13     2    31     0
1469.08  4.43e-13  2.74e-13     2    18     0
1470.76  5.89e-13  2.78e-13     2    24     0
1472.44  2.73e-13  2.68e-13     1    11     0
1474.11  1.14e-13  2.64e-13     1     4     0
1475.79  1.64e-13  2.65e-13     1     6     0
1477.47  1.48e-13  2.64e-13     1     6     0
1479.14  8.42e-13  2.90e-13     1    34     0
1480.82  6.22e-13  2.71e-13     1    25     0
1482.50  2.22e-13  2.61e-13     1     9     0
1484.17  4.90e-13  2.68e-13     1    19     0
1485.85  5.46e-13  2.69e-13     1    22     0
1487.52  6.31e-13  2.70e-13     1    25     0
1489.20  4.13e-13  2.64e-13     1    16     0
1490.88  7.54e-13  2.72e-13     1    30     0
1492.55  4.93e-13  2.66e-13     1    19     0
1494.23  6.65e-13  2.69e-13     1    26     0
1495.91  6.01e-13  2.68e-13     1    23     0
1497.58  4.51e-13  2.62e-13     1    17     0
1499.26 -1.52e-13  2.52e-13     1    -6     0
1500.93  1.21e-13  2.56e-13     1     4     0
1502.61  3.30e-13  2.62e-13     1    12     0
1504.29  5.38e-13  2.68e-13     1    20     0
1505.96  6.64e-13  2.72e-13     1    25     0
1507.64  6.69e-13  2.73e-13     0    25     0
1509.32  1.15e-13  2.58e-13     0     4     0
1510.99  4.07e-13  2.61e-13     0    15     0
1512.67  3.07e-13  2.58e-13     0    11     0
1514.35  6.97e-13  2.70e-13     0    26     0
1516.02  1.06e-12  2.78e-13     0    39     0
1517.70  5.37e-13  2.65e-13     0    20     0
1519.37  3.58e-13  2.59e-13     0    13     0
1521.05  2.24e-13  2.53e-13     0     8     0
1522.73 -3.44e-15  2.48e-13     0     0     0
1524.40 -1.04e-14  2.48e-13     0     0     0
1526.08 -1.20e-13  2.47e-13     0    -4     0
1527.76 -3.67e-14  2.47e-13     0    -1     0
1529.43  7.32e-13  2.66e-13     0    27     0
1531.11  4.63e-13  2.69e-13     0    16     0
1532.79  8.78e-13  2.69e-13     0    31     0
1534.46  6.29e-13  2.63e-13     0    22     0
1536.14  5.77e-13  2.61e-13     0    20     0
1537.81  7.06e-13  2.63e-13     0    25     0
1539.49  6.01e-13  2.59e-13     0    21     0
1541.17  5.12e-13  2.56e-13     1    18     0
1542.84  5.96e-13  2.57e-13     1    21     0
1544.52  7.50e-13  2.59e-13     1    27     0
1546.20  1.18e-12  2.69e-13     1    43     0
1547.87  1.10e-12  2.68e-13     1    39     0
1549.55  7.89e-13  2.56e-13     1    28     0
1551.22  5.36e-13  2.49e-13     1    19     0
1552.90  4.45e-13  2.45e-13     1    16     0
1554.58  2.94e-13  2.38e-13     1    10     0
1556.25  6.05e-13  2.48e-13     1    21     0
1557.93  8.58e-13  2.53e-13     1    31     0
1559.61  1.08e-12  2.59e-13     1    39     0
1561.28  7.62e-13  2.46e-13     1    27     0
1562.96  7.70e-13  2.46e-13     1    28     0
1564.64  2.66e-13  2.30e-13     1     9     0
1566.31  7.38e-13  2.42e-13     1    27     0
1567.99  8.31e-13  2.44e-13     1    30     0
1569.66  1.28e-12  2.56e-13     1    47     0
1571.34  1.32e-12  2.56e-13     2    48     0
1573.02  8.35e-13  2.40e-13     2    30     0
1574.69  6.47e-13  2.32e-13     2    23     0
1576.37  7.14e-13  2.33e-13     2    26     0
1578.05  5.23e-13  2.28e-13     2    19     0
1579.72  1.42e-13  2.14e-13     2     5     0
1581.40  4.04e-13  2.22e-13     2    14     0
1583.08  8.83e-13  2.35e-13     2    32     0
1584.75  8.15e-13  2.32e-13     2    30     0
1586.43  5.67e-13  2.24e-13     2    20     0
1588.10  6.44e-13  2.27e-13     2    23     0
1589.78  1.70e-13  2.10e-13     3     6     0
1591.46  1.07e-12  2.36e-13     3    39     0
1593.13  2.51e-13  2.08e-13     3     9     0
1594.81  3.42e-13  2.11e-13     3    12     0
1596.49  2.62e-13  2.09e-13     3     9     0
1598.16  5.84e-13  2.17e-13     3    21     0
1599.84  3.11e-14  2.00e-13     3     1     0
1601.52  5.54e-13  2.11e-13     3    20     0
1603.19  9.39e-13  2.22e-13     4    35     0
1604.87  9.57e-13  2.20e-13     4    36     0
1606.54  9.67e-13  2.18e-13     4    36     0
1608.22  7.16e-13  2.11e-13     4    27     0
1609.90  4.84e-13  2.04e-13     4    18     0
1611.57  3.41e-13  1.96e-13     4    13     0
1613.25  4.85e-13  2.00e-13     5    18     0
1614.93  6.09e-13  2.02e-13     5    23     0
1616.60  8.88e-13  2.14e-13     5    33     0
1618.28  8.70e-13  2.11e-13     5    33     0
1619.95  8.77e-13  2.10e-13     5    33     0
1621.63  9.21e-13  2.07e-13     5    35     0
1623.31  8.65e-13  2.04e-13     6    33     0
1624.98  1.05e-12  2.09e-13     6    40     0
1626.66  1.09e-12  2.08e-13     6    42     0
1628.34  8.48e-13  2.02e-13     6    32     0
1630.01  5.70e-13  1.89e-13     6    22     0
1631.69  7.38e-13  1.92e-13     6    29     0
1633.37  1.03e-12  2.00e-13     7    40     0
1635.04  1.26e-12  2.07e-13     7    49     0
1636.72  1.38e-12  2.10e-13     7    54     0
1638.39  1.02e-12  1.95e-13     7    40     0
1640.07  9.81e-13  1.97e-13     7    38     0
1641.75  8.48e-13  1.91e-13     8    33     0
1643.42  1.34e-12  2.02e-13     8    53     0
1645.10  1.25e-12  1.99e-13     8    49     0
1646.78  1.35e-12  2.02e-13     8    54     0
1648.45  1.30e-12  1.99e-13     9    52     0
1650.13  9.77e-13  1.89e-13     9    39     0
1651.81  1.05e-12  1.90e-13     9    42     0
1653.48  1.01e-12  1.87e-13     9    41     0
1655.16  9.96e-13  1.84e-13     9    41     0
1656.83  7.23e-13  1.75e-13    10    29     0
1658.51  6.42e-13  1.72e-13    10    26     0
1660.19  1.19e-12  1.84e-13    10    49     0
1661.86  1.29e-12  1.84e-13    10    54     0
1663.54  1.72e-12  1.96e-13    11    72     0
1665.22  1.50e-12  1.92e-13    11    63     0
1666.89  1.32e-12  1.86e-13    11    55     0
1668.57  1.11e-12  1.78e-13    11    47     0
1670.24  1.32e-12  1.83e-13    12    55     0
1671.92  8.83e-13  1.69e-13    12    37     0
1673.60  1.09e-12  1.73e-13    12    46     0
1675.27  1.54e-12  1.84e-13    12    66     0
1676.95  1.61e-12  1.86e-13    13    69     0
1678.63  1.69e-12  1.87e-13    13    73     0
1680.30  1.84e-12  1.88e-13    13    81     0
1681.98  1.55e-12  1.81e-13    14    68     0
1683.66  1.50e-12  1.76e-13    14    66     0
1685.33  1.46e-12  1.72e-13    14    65     0
1687.01  1.35e-12  1.70e-13    14    60     0
1688.68  1.39e-12  1.70e-13    15    62     0
1690.36  1.59e-12  1.73e-13    15    71     0
1692.04  1.91e-12  1.84e-13    15    86     0
1693.71  1.99e-12  1.82e-13    16    90     0
1695.39  2.31e-12  1.89e-13    16   106     0
1697.07  2.86e-12  2.03e-13    16   132     0
1698.74  2.84e-12  2.01e-13    16   132     0
1700.42  2.97e-12  2.06e-13    17   139     0
1702.10  3.08e-12  2.68e-13    17   145     0
1703.77  3.54e-12  2.36e-13    17   167     0
1705.45  3.83e-12  2.46e-13    18   182     0
1707.12  5.11e-12  2.64e-13    18   244     0
1708.80  6.68e-12  3.70e-13    18   321     0
1710.48  6.99e-12  2.96e-13    19   336     0
1712.15  6.57e-12  2.86e-13    19   317     0
1713.83  7.02e-12  2.94e-13    19   341     0
1715.51  8.98e-12  3.31e-13    20   444     0
1717.18  8.94e-12  3.29e-13    20   445     0
1718.86  7.58e-12  3.00e-13    20   380     0
1720.54  6.29e-12  2.69e-13    21   315     0
1722.21  5.97e-12  2.62e-13    21   301     0
1723.89  6.44e-12  2.71e-13    21   327     0
1725.56  7.99e-12  3.04e-13    22   406     0
1727.24  9.51e-12  3.35e-13    22   487     0
1728.92  9.85e-12  3.36e-13    22   507     0
1730.59  9.37e-12  3.25e-13    23   490     0
1732.27  9.59e-12  3.34e-13    23   504     0
1733.95  8.71e-12  3.11e-13    23   460     0
1735.62  8.54e-12  3.03e-13    24   460     0
1737.30  8.77e-12  3.06e-13    24   475     0
1738.97  8.12e-12  2.92e-13    24   442     0
1740.65  8.88e-12  3.07e-13    25   483     0
1742.33  8.89e-12  3.06e-13    25   486     0
1744.00  9.70e-12  3.19e-13    25   534     0
1745.68  1.06e-11  3.32e-13    26   587     0
1747.36  1.11e-11  3.38e-13    26   620     0
1749.03  1.20e-11  3.50e-13    26   675     0
1750.71  1.29e-11  3.63e-13    27   718     0
1752.39  1.37e-11  3.72e-13    27   767     0
1754.06  1.44e-11  3.79e-13    27   811     0
1755.74  1.37e-11  3.66e-13    28   780     0
1757.41  1.39e-11  3.68e-13    28   798     0
1759.09  1.33e-11  3.59e-13    29   767     0
1760.77  1.22e-11  3.42e-13    29   712     0
1762.44  1.15e-11  3.31e-13    29   671     0
1764.12  1.08e-11  3.19e-13    30   633     0
1765.80  1.18e-11  3.33e-13    30   690     0
1767.47  1.27e-11  3.44e-13    30   750     0
1769.15  1.34e-11  3.50e-13    31   790     0
1770.83  1.49e-11  3.65e-13    31   891     0
1772.50  1.66e-11  3.80e-13    32   996     0
1774.18  1.74e-11  3.84e-13    32  1047     0
1775.85  1.87e-11  3.90e-13    32  1140     0
1777.53  2.11e-11  4.03e-13    33  1290     0
1779.21  2.02e-11  3.96e-13    33  1240     0
1780.88  2.01e-11  3.92e-13    33  1238     0
1782.56  1.80e-11  3.77e-13    34  1117     0
1784.24  1.68e-11  3.80e-13    34  1045     0
1785.91  1.72e-11  4.38e-13    34  1069     0
1787.59  1.80e-11  4.40e-13    35  1121     0
1789.26  1.91e-11  5.04e-13    35  1194     0
1790.94  2.13e-11  4.87e-13    36  1342     0
1792.62  2.27e-11  6.67e-13    36  1435     0
1794.29  2.31e-11  4.43e-13    36  1462     0
1795.97  2.17e-11  3.84e-13    37  1370     0
1797.65  2.18e-11  3.82e-13    37  1380     0
1799.32  2.20e-11  3.81e-13    38  1397     0
1801.00  2.14e-11  3.79e-13    38  1350     0
1802.68  2.05e-11  3.75e-13    38  1297     0
1804.35  1.87e-11  3.63e-13    39  1189     0
1806.03  1.60e-11  3.41e-13    39  1033     0
1807.70  1.54e-11  3.35e-13    39   991     0
1809.38  1.67e-11  3.44e-13    40  1079     0
1811.06  1.98e-11  3.60e-13    40  1278     0
1812.73  2.04e-11  3.61e-13    41  1318     0
1814.41  1.90e-11  3.54e-13    41  1229     0
1816.09  1.84e-11  3.49e-13    41  1197     0
1817.76  1.85e-11  3.48e-13    42  1205     0
1819.44  1.95e-11  3.51e-13    42  1270     0
1821.12  2.18e-11  3.58e-13    42  1420     0
1822.79  2.24e-11  3.59e-13    43  1464     0
1824.47  2.15e-11  3.55e-13    43  1409     0
1826.14  1.99e-11  3.47e-13    44  1309     0
1827.82  1.90e-11  3.42e-13    44  1247     0
1829.50  1.89e-11  3.41e-13    44  1243     0
1831.17  1.91e-11  3.41e-13    45  1250     0
1832.85  2.00e-11  3.44e-13    45  1315     0
1834.53  1.95e-11  3.41e-13    45  1277     0
1836.20  1.88e-11  3.37e-13    46  1233     0
1837.88  1.72e-11  3.29e-13    46  1129     0
1839.55  1.58e-11  3.20e-13    46  1038     0
1841.23  1.49e-11  3.14e-13    47   976     0
1842.91  1.47e-11  3.12e-13    47   958     0
1844.58  1.44e-11  3.10e-13    48   940     0
1846.26  1.32e-11  2.99e-13    48   860     0
1847.94  1.26e-11  2.94e-13    48   824     0
1849.61  1.29e-11  2.96e-13    49   842     0
1851.42  2.46e-11  8.78e-12    79    33     0
1854.09  2.25e-11  8.32e-12    78    32     0
1856.76  1.58e-11  8.18e-12    78    23     0
1859.42  1.82e-11  7.82e-12    78    28     0
1862.09  2.65e-11  7.45e-12    77    44     0
1864.76  2.00e-11  6.86e-12    77    35     0
1867.43  1.82e-11  6.55e-12    77    34     0
1870.10  2.40e-11  6.16e-12    77    49     0
1872.77  1.43e-11  5.50e-12    76    31     0
1875.44  1.86e-11  4.84e-12    76    48     0
1878.11  2.12e-11  4.56e-12    76    60     0
1880.78  2.66e-11  4.90e-12    76    72     0
1883.44  2.02e-11  4.50e-12    76    58     0
1886.11  2.15e-11  4.52e-12    75    63     0
1888.78  2.07e-11  4.32e-12    75    63     0
1891.45  2.19e-11  4.05e-12    75    73     0
1894.12  1.41e-11  3.73e-12    75    48     0
1896.79  2.01e-11  3.75e-12    75    73     0
1899.46  2.69e-11  3.84e-12    75   101     0
1902.13  2.25e-11  3.69e-12    75    86     0
1904.80  2.40e-11  3.64e-12    75    94     0
1907.46  2.36e-11  3.59e-12    75    94     0
1910.13  3.02e-11  3.78e-12    74   120     0
1912.80  2.88e-11  3.66e-12    74   118     0
1915.47  2.70e-11  3.36e-12    74   122     0
1918.14  2.55e-11  3.27e-12    74   118     0
1920.81  2.47e-11  3.03e-12    74   126     0
1923.48  2.52e-11  2.98e-12    74   133     0
1926.15  2.12e-11  3.11e-12    74   101     0
1928.82  1.62e-11  2.93e-12    74    79     0
1931.48  1.16e-11  2.60e-12    74    62     0
1934.15  1.79e-11  2.69e-12    74    99     0
1936.82  2.16e-11  2.61e-12    74   131     0
1939.49  2.93e-11  2.76e-12    74   183     0
1942.16  3.09e-11  2.83e-12    74   192     0
1944.83  3.50e-11  2.90e-12    75   225     0
1947.50  3.35e-11  2.79e-12    75   223     0
1950.17  3.19e-11  2.73e-12    75   215     0
1952.84  3.01e-11  2.63e-12    75   209     0
1955.50  3.01e-11  2.61e-12    75   215     0
1958.17  2.40e-11  2.38e-12    75   176     0
1960.84  2.37e-11  2.35e-12    75   179     0
1963.51  2.83e-11  2.43e-12    75   219     0
1966.18  3.38e-11  2.56e-12    75   263     0
1968.85  3.29e-11  2.52e-12    76   262     0
1971.52  3.25e-11  2.50e-12    76   261     0
1974.19  3.07e-11  2.41e-12    76   252     0
1976.86  2.71e-11  2.23e-12    76   235     0
1979.52  2.60e-11  2.20e-12    76   230     0
1982.19  3.01e-11  2.32e-12    76   265     0
1984.86  2.53e-11  2.17e-12    77   227     0
1987.53  2.24e-11  2.11e-12    77   201     0
1990.20  2.65e-11  2.21e-12    77   239     0
1992.87  2.65e-11  2.21e-12    77   242     0
1995.54  2.24e-11  2.08e-12    78   207     0
1998.21  2.40e-11  2.13e-12    78   224     0
2000.88  2.50e-11  2.08e-12    78   249     0
2003.54  2.30e-11  2.02e-12    78   231     0
2006.21  2.93e-11  2.22e-12    79   287     0
2008.88  2.87e-11  2.20e-12    79   285     0
2011.55  2.58e-11  2.06e-12    79   269     0
2014.22  3.07e-11  2.15e-12    79   323     0
2016.89  2.66e-11  2.03e-12    80   288     0
2019.56  2.65e-11  2.02e-12    80   293     0
2022.23  2.95e-11  2.20e-12    80   304     0
2024.90  2.69e-11  2.12e-12    81   282     0
2027.56  2.74e-11  2.09e-12    81   299     0
2030.23  2.77e-11  2.00e-12    81   324     0
2032.90  2.92e-11  2.04e-12    82   343     0
2035.57  2.68e-11  2.07e-12    82   295     0
2038.24  2.73e-11  2.05e-12    82   301     0
2040.91  2.98e-11  2.09e-12    83   346     0
2043.58  3.08e-11  2.11e-12    83   358     0
2046.25  3.17e-11  2.23e-12    83   351     0
2048.92  3.52e-11  2.47e-12    84   391     0
2051.58  3.00e-11  2.36e-12    84   350     0
2054.25  3.38e-11  2.45e-12    84   397     0
2056.92  3.03e-11  2.16e-12    85   361     0
2059.59  2.56e-11  1.98e-12    85   308     0
2062.26  3.23e-11  2.25e-12    86   365     0
2064.93  3.25e-11  2.26e-12    86   372     0
2067.60  3.45e-11  2.20e-12    86   427     0
2070.27  3.30e-11  2.13e-12    87   410     0
2072.94  3.51e-11  2.20e-12    87   440     0
2075.60  4.18e-11  2.43e-12    88   501     0
2078.27  4.05e-11  2.60e-12    88   485     0
2080.94  3.72e-11  2.34e-12    88   440     0
2083.61  4.01e-11  2.45e-12    89   474     0
2086.28  3.54e-11  2.21e-12    89   461     0
2088.95  3.81e-11  2.28e-12    90   494     0
2091.62  3.83e-11  2.42e-12    90   446     0
2094.29  4.15e-11  2.51e-12    91   481     0
2096.96  3.66e-11  2.30e-12    91   461     0
2099.62  3.74e-11  2.35e-12    92   469     0
2102.29  3.59e-11  2.35e-12    92   431     0
2104.96  3.69e-11  2.37e-12    93   441     0
2107.63  4.12e-11  2.49e-12    93   501     0
2110.30  3.40e-11  2.29e-12    93   409     0
2112.97  3.26e-11  2.27e-12    94   396     0
2115.64  3.49e-11  2.45e-12    94   394     0
2118.31  4.32e-11  2.65e-12    95   493     0
2120.98  4.70e-11  2.64e-12    95   580     0
2123.65  4.03e-11  2.47e-12    96   498     0
2126.31  3.86e-11  2.62e-12    96   469     0
2128.98  3.21e-11  2.32e-12    97   389     0
2131.65  2.67e-11  2.14e-12    97   334     0
2134.32  2.74e-11  2.16e-12    98   342     0
2136.99  2.74e-11  2.21e-12    98   332     0
2139.66  3.22e-11  2.35e-12    99   391     0
2142.33  3.87e-11  2.46e-12    99   489     0
2145.00  3.70e-11  2.42e-12   100   468     0
2147.67  3.55e-11  2.50e-12   100   421     0
2150.33  3.75e-11  2.50e-12   101   452     0
2153.00  3.71e-11  2.51e-12   101   449     0
2155.67  3.41e-11  2.49e-12   102   395     0
2158.34  3.51e-11  2.54e-12   103   408     0
2161.01  3.43e-11  2.46e-12   103   414     0
2163.68  3.55e-11  2.48e-12   104   430     0
2166.35  3.14e-11  2.38e-12   104   383     0
2169.02  3.11e-11  2.36e-12   105   380     0
2171.69  3.26e-11  2.47e-12   105   387     0
2174.35  2.48e-11  2.28e-12   106   294     0
2177.02  3.35e-11  2.54e-12   106   388     0
2179.69  4.05e-11  2.73e-12   107   470     0
2182.36  3.82e-11  2.50e-12   107   488     0
2185.03  4.31e-11  2.70e-12   108   533     0
2187.70  4.10e-11  2.70e-12   108   507     0
2190.37  3.35e-11  2.84e-12   109   440     0
2193.04  3.60e-11  2.67e-12   110   475     0
2195.71  4.11e-11  3.32e-12   110   511     0
2198.37  5.01e-11  2.88e-12   111   631     0
2201.04  4.74e-11  2.80e-12   111   607     0
2203.71  4.46e-11  2.72e-12   112   578     0
2206.38  3.95e-11  2.59e-12   112   509     0
2209.05  3.81e-11  2.70e-12   113   496     0
2211.72  3.12e-11  2.58e-12   113   419     0
2214.39  3.58e-11  2.44e-12   114   477     0
2217.06  3.14e-11  2.50e-12   114   387     0
2219.73  3.37e-11  2.56e-12   115   413     0
2222.39  3.90e-11  2.65e-12   116   494     0
2225.06  4.33e-11  2.74e-12   116   552     0
2227.73  3.55e-11  2.55e-12   117   458     0
2230.40  3.79e-11  2.58e-12   117   492     0
2233.07  3.88e-11  2.61e-12   118   512     0
2235.74  4.95e-11  2.87e-12   118   668     0
2238.41  4.15e-11  2.93e-12   119   571     0
2241.08  3.92e-11  2.61e-12   119   523     0
2243.75  3.25e-11  2.42e-12   120   439     0
2246.41  3.49e-11  2.37e-12   121   519     0
2249.08  3.52e-11  2.35e-12   121   529     0
2251.75  3.21e-11  2.29e-12   122   476     0
2254.42  3.31e-11  2.30e-12   122   497     0
2257.09  3.51e-11  2.41e-12   123   511     0
2259.76  3.21e-11  2.32e-12   123   470     0
2262.43  3.03e-11  2.66e-12   124   445     0
2265.10  3.32e-11  2.29e-12   124   521     0
2267.77  2.88e-11  2.17e-12   125   455     0
2270.43  3.24e-11  2.17e-12   126   537     0
2273.10  2.74e-11  2.03e-12   126   462     0
2275.77  3.24e-11  2.20e-12   127   526     0
2278.44  3.03e-11  2.13e-12   127   500     0
2281.11  3.93e-11  2.51e-12   128   590     0
2283.78  4.14e-11  2.65e-12   128   630     0
2286.45  3.69e-11  3.03e-12   129   707     0
2289.12  3.56e-11  2.90e-12   129   684     0
2291.79  3.55e-11  2.18e-12   130   634     0
2294.45  3.14e-11  2.11e-12   130   562     0
2297.12  3.44e-11  2.72e-12   131   588     0
2299.79  3.09e-11  2.33e-12   131   530     0
2302.46  3.07e-11  2.08e-12   132   559     0
2305.13  3.52e-11  2.63e-12   133   615     0
2307.80  3.64e-11  2.28e-12   133   644     0
2310.47  4.29e-11  2.88e-12   134   809     0
2313.14  3.78e-11  2.21e-12   134   724     0
2315.81  2.99e-11  2.05e-12   135   552     0
2318.47  3.40e-11  2.16e-12   135   639     0
2321.14  3.88e-11  2.18e-12   136   777     0
2323.81  3.59e-11  2.40e-12   136   730     0
2326.48  3.31e-11  2.38e-12   137   738     0
2329.15  2.76e-11  1.77e-12   137   626     0
2331.82  2.84e-11  1.85e-12   138   639     0
2334.49  2.15e-11  1.70e-12   138   492     0
2337.16  2.52e-11  2.83e-12   139   605     0
2339.83  2.19e-11  1.65e-12   139   533     0
2342.49  2.51e-11  2.09e-12   140   601     0
2345.16  1.83e-11  1.92e-12   140   458     0
2347.83  1.63e-11  1.52e-12   141   413     0
2350.50  2.39e-11  1.59e-12   141   588     0
2353.17  2.74e-11  1.70e-12   142   681     0
2355.84  2.65e-11  2.47e-12   142   665     0
2358.51  2.41e-11  1.71e-12   143   612     0
2361.18  2.08e-11  1.68e-12   143   540     0
2363.85  1.94e-11  1.44e-12   144   506     0
2366.51  2.55e-11  1.65e-12   144   626     0
2369.18  2.23e-11  1.66e-12   145   551     0
2371.85  2.74e-11  1.67e-12   145   705     0
2374.52  2.43e-11  2.24e-12   146   629     0
2377.19  2.83e-11  2.19e-12   146   768     0
2379.86  2.36e-11  1.77e-12   147   646     0
2382.53  1.69e-11  2.11e-12   147   443     0
2385.20  1.82e-11  1.47e-12   147   468     0
2387.87  2.47e-11  1.80e-12   148   639     0
2390.53  2.44e-11  1.94e-12   148   647     0
2393.20  2.55e-11  2.01e-12   149   682     0
2395.87  2.55e-11  1.53e-12   149   747     0
2398.54  2.08e-11  2.09e-12   150   613     0
2401.21  2.09e-11  1.42e-12   150   597     0
2403.88  1.86e-11  1.44e-12   151   536     0
2406.55  1.74e-11  1.32e-12   151   508     0
2409.22  2.08e-11  2.14e-12   151   615     0
2411.89  1.93e-11  1.79e-12   152   578     0
2414.55  2.23e-11  1.42e-12   152   674     0
2417.22  2.87e-11  1.70e-12   153   847     0
2419.89  3.01e-11  1.66e-12   153   898     0
2422.56  3.68e-11  2.05e-12   154  1087     0
2425.23  3.38e-11  1.76e-12   154  1066     0
2427.90  3.12e-11  1.67e-12   154   997     0
2430.57  3.57e-11  1.89e-12   155  1127     0
2433.24  2.76e-11  1.90e-12   155   883     0
2435.91  2.92e-11  1.69e-12   156   910     0
2438.57  3.62e-11  1.83e-12   156  1146     0
2441.24  3.18e-11  1.64e-12   156  1073     0
2443.91  3.56e-11  2.60e-12   157  1217     0
2446.58  2.96e-11  1.56e-12   157  1032     0
2449.25  2.96e-11  1.72e-12   158  1049     0
2451.92  3.09e-11  1.98e-12   158  1134     0
2454.59  2.66e-11  1.53e-12   158   989     0
2457.26  3.09e-11  1.79e-12   159  1110     0
2459.93  2.65e-11  1.54e-12   159   964     0
2462.59  2.38e-11  1.32e-12   159   903     0
2465.26  2.57e-11  1.38e-12   160   986     0
2467.93  2.84e-11  1.61e-12   160  1095     0
2470.60  2.93e-11  1.65e-12   160  1085     0
2473.27  3.09e-11  1.57e-12   161  1151     0
2475.94  2.88e-11  1.68e-12   161  1087     0
2478.61  2.82e-11  1.84e-12   161  1069     0
2481.28  2.57e-11  1.39e-12   162   974     0
2483.95  2.70e-11  1.44e-12   162  1026     0
2486.61  2.78e-11  1.56e-12   162  1131     0
2489.28  2.11e-11  1.22e-12   163   861     0
2491.95  2.80e-11  1.53e-12   163   979     0
2494.62  3.52e-11  2.29e-12   163  1230     0
2497.29  3.52e-11  1.79e-12   164  1340     0
2499.96  3.64e-11  1.79e-12   164  1393     0
2502.63  3.72e-11  2.62e-12   164  1530     0
2505.30  2.81e-11  1.71e-12   165  1097     0
2507.97  3.29e-11  1.64e-12   165  1294     0
2510.63  3.27e-11  1.74e-12   165  1380     0
2513.30  2.61e-11  1.35e-12   166  1115     0
2515.97  2.55e-11  1.40e-12   166   989     0
2518.64  2.49e-11  1.38e-12   166   973     0
2521.31  2.57e-11  1.38e-12   166  1037     0
2523.98  2.05e-11  1.22e-12   167   836     0
2526.65  2.35e-11  1.29e-12   167  1002     0
2529.32  2.12e-11  1.43e-12   167   906     0
2531.99  2.44e-11  1.31e-12   167  1048     0
2534.65  2.27e-11  1.25e-12   168   976     0
2537.32  2.58e-11  1.32e-12   168  1171     0
2539.99  2.25e-11  1.21e-12   168  1023     0
2542.66  2.19e-11  1.18e-12   168  1035     0
2545.33  2.20e-11  1.28e-12   169  1028     0
2548.00  2.55e-11  1.36e-12   169  1215     0
2550.67  2.96e-11  1.48e-12   169  1342     0
2553.34  2.96e-11  1.43e-12   169  1373     0
2556.01  3.37e-11  1.60e-12   170  1523     0
2558.67  3.21e-11  1.58e-12   170  1466     0
2561.34  3.14e-11  1.48e-12   170  1497     0
2564.01  3.34e-11  1.72e-12   170  1599     0
2566.68  3.71e-11  1.77e-12   170  1885     0
2569.35  3.92e-11  2.72e-12   171  1992     0
2572.02  3.69e-11  2.72e-12   171  1823     0
2574.69  3.65e-11  1.88e-12   171  1798     0
2577.36  3.70e-11  2.08e-12   171  1753     0
2580.03  3.93e-11  2.06e-12   171  2013     0
2582.69  3.72e-11  1.83e-12   171  1904     0
2585.36  3.90e-11  1.92e-12   172  1883     0
2588.03  4.02e-11  1.91e-12   172  1955     0
2590.70  4.18e-11  1.86e-12   172  2111     0
2593.37  3.77e-11  1.74e-12   172  1923     0
2596.04  3.10e-11  1.50e-12   172  1608     0
2598.71  2.74e-11  1.32e-12   172  1438     0
2601.38  3.62e-11  1.74e-12   173  1856     0
2604.05  3.05e-11  1.45e-12   173  1581     0
2606.71  2.50e-11  1.21e-12   173  1423     0
2609.38  2.46e-11  1.29e-12   173  1415     0
2612.05  2.67e-11  1.47e-12   173  1465     0
2614.72  3.50e-11  1.59e-12   173  1943     0
2617.39  3.35e-11  1.53e-12   173  1840     0
2620.06  3.41e-11  1.65e-12   174  1932     0
2622.73  3.65e-11  2.08e-12   174  2087     0
2625.40  3.40e-11  1.54e-12   174  1893     0
2628.07  2.89e-11  1.37e-12   174  1616     0
2630.73  3.21e-11  1.48e-12   174  1837     0
2633.40  4.47e-11  2.12e-12   174  2562     0
2636.07  5.59e-11  3.08e-12   174  3061     0
2638.74  6.12e-11  2.73e-12   174  3357     0
2641.41  6.33e-11  2.94e-12   174  3699     0
2644.08  6.11e-11  2.57e-12   174  3567     0
2646.75  6.05e-11  2.72e-12   175  3369     0
2649.42  5.99e-11  2.47e-12   175  3336     0
2652.09  6.09e-11  2.41e-12   175  3542     0
2654.75  6.78e-11  3.09e-12   175  3944     0
2657.42  5.88e-11  2.31e-12   175  3319     0
2660.09  5.36e-11  2.10e-12   175  3227     0
2662.76  4.76e-11  1.97e-12   175  2876     0
2665.43  4.52e-11  1.89e-12   175  2722     0
2668.10  4.74e-11  1.95e-12   175  2863     0
2670.77  5.43e-11  2.32e-12   175  3344     0
2673.44  5.59e-11  2.51e-12   175  3461     0
2676.11  5.39e-11  2.13e-12   175  3280     0
2678.77  5.34e-11  2.30e-12   175  3285     0
2681.44  5.16e-11  2.05e-12   175  3212     0
2684.11  5.42e-11  2.10e-12   175  3407     0
2686.78  5.11e-11  2.01e-12   175  3178     0
2689.45  4.55e-11  1.86e-12   175  2857     0
2692.12  5.46e-11  2.14e-12   175  3284     0
2694.79  4.77e-11  1.97e-12   175  2865     0
2697.46  5.27e-11  2.20e-12   175  2940     0
2700.13  5.09e-11  2.00e-12   175  3255     0
2702.79  5.66e-11  2.11e-12   175  3610     0
2705.46  5.19e-11  2.06e-12   175  3128     0
2708.13  4.74e-11  1.94e-12   175  2857     0
2710.80  4.94e-11  2.01e-12   175  3117     0
2713.47  4.97e-11  1.96e-12   175  3145     0
2716.14  4.69e-11  1.94e-12   175  2888     0
2718.81  4.64e-11  1.90e-12   175  2869     0
2721.48  5.16e-11  2.09e-12   175  3104     0
2724.15  4.70e-11  1.91e-12   175  2848     0
2726.81  5.21e-11  2.76e-12   175  3377     0
2729.48  5.79e-11  2.29e-12   175  3781     0
2732.15  5.44e-11  2.21e-12   175  3302     0
2734.82  5.08e-11  2.03e-12   175  3102     0
2737.49  4.25e-11  1.74e-12   175  2704     0
2740.16  3.84e-11  1.62e-12   175  2400     0
2742.83  4.00e-11  1.69e-12   175  2497     0
2745.50  3.23e-11  1.41e-12   175  2088     0
2748.17  3.20e-11  1.43e-12   175  2066     0
2750.83  3.64e-11  1.66e-12   175  2310     0
2753.50  3.84e-11  1.63e-12   175  2439     0
2756.17  4.20e-11  2.23e-12   175  2744     0
2758.84  5.21e-11  2.88e-12   175  3391     0
2761.51  4.42e-11  1.81e-12   175  2827     0
2764.18  4.78e-11  1.97e-12   174  3051     0
2766.85  4.72e-11  2.31e-12   174  2926     0
2769.52  5.02e-11  2.05e-12   174  3109     0
2772.19  5.82e-11  2.69e-12   174  3582     0
2774.85  5.56e-11  2.41e-12   174  3415     0
2777.52  4.75e-11  1.92e-12   174  2988     0
2780.19  4.50e-11  1.86e-12   174  2820     0
2782.86  4.16e-11  1.93e-12   174  2607     0
2785.53  4.99e-11  3.39e-12   174  3148     0
2788.20  3.66e-11  1.54e-12   174  2301     0
2790.87  2.27e-11  1.08e-12   174  1502     0
2793.54  1.78e-11  9.00e-13   174  1178     0
2796.21  1.78e-11  9.39e-13   173  1115     0
2798.87  1.81e-11  9.28e-13   173  1131     0
2801.54  1.94e-11  9.57e-13   173  1254     0
2804.21  2.74e-11  1.24e-12   173  1767     0
2806.88  4.12e-11  1.71e-12   173  2492     0
2809.55  5.02e-11  1.96e-12   173  3027     0
2812.22  5.10e-11  1.93e-12   173  3279     0
2814.89  5.80e-11  2.05e-12   173  3718     0
2817.56  6.65e-11  3.63e-12   173  4258     0
2820.23  5.80e-11  2.05e-12   172  3679     0
2822.90  6.28e-11  2.82e-12   172  3978     0
2825.56  6.72e-11  3.66e-12   172  3948     0
2828.23  6.34e-11  2.38e-12   172  3713     0
2830.90  6.33e-11  2.23e-12   172  3679     0
2833.57  6.38e-11  3.21e-12   172  3700     0
2836.24  6.28e-11  2.26e-12   172  3770     0
2838.91  5.42e-11  2.75e-12   171  3249     0
2841.58  5.09e-11  1.99e-12   171  3464     0
2844.25  4.80e-11  1.78e-12   171  3261     0
2846.92  5.25e-11  2.42e-12   171  3291     0
2849.58  4.33e-11  1.75e-12   171  2704     0
2852.25  4.08e-11  1.66e-12   171  2562     0
2854.92  4.53e-11  1.78e-12   171  2846     0
2857.59  6.32e-11  2.99e-12   170  3969     0
2860.26  5.94e-11  2.49e-12   170  3695     0
2862.93  5.26e-11  2.08e-12   170  3269     0
2865.60  5.17e-11  1.95e-12   170  3330     0
2868.27  5.79e-11  2.25e-12   170  3728     0
2870.94  6.21e-11  2.12e-12   170  3780     0
2873.60  5.22e-11  1.97e-12   169  3173     0
2876.27  5.92e-11  2.27e-12   169  3464     0
2878.94  5.87e-11  2.13e-12   169  3430     0
2881.61  6.08e-11  2.20e-12   169  3675     0
2884.28  6.21e-11  2.12e-12   169  3750     0
2886.95  5.29e-11  1.97e-12   169  3176     0
2889.62  5.39e-11  1.98e-12   168  3231     0
2892.29  5.99e-11  2.09e-12   168  3578     0
2894.96  6.78e-11  3.76e-12   168  4036     0
2897.62  6.49e-11  2.17e-12   168  3800     0
2900.29  6.78e-11  2.22e-12   168  4173     0
2902.96  7.10e-11  3.55e-12   168  4343     0
2905.63  8.10e-11  2.50e-12   167  4361     0
2908.30  7.09e-11  3.39e-12   167  3792     0
2910.97  7.67e-11  2.72e-12   167  4311     0
2913.64  7.11e-11  3.29e-12   167  3957     0
2916.31  6.93e-11  3.17e-12   167  3903     0
2918.98  6.27e-11  2.57e-12   167  3489     0
2921.64  6.33e-11  2.27e-12   166  3262     0
2924.31  6.25e-11  2.26e-12   166  3185     0
2926.98  6.14e-11  2.26e-12   166  3222     0
2929.65  7.09e-11  2.75e-12   166  3680     0
2932.32  6.54e-11  2.24e-12   166  3570     0
2934.99  6.38e-11  2.46e-12   165  3468     0
2937.66  7.00e-11  2.46e-12   165  3382     0
2940.33  7.56e-11  2.49e-12   165  4090     0
2943.00  6.23e-11  2.18e-12   165  3365     0
2945.66  6.76e-11  2.59e-12   165  3414     0
2948.33  6.43e-11  2.29e-12   165  3237     0
2951.00  6.80e-11  3.56e-12   164  3406     0
2953.67  7.37e-11  2.44e-12   164  3669     0
2956.34  7.66e-11  2.63e-12   164  4084     0
2959.01  7.01e-11  2.40e-12   164  3714     0
2961.68  6.58e-11  2.35e-12   164  3161     0
2964.35  6.88e-11  2.40e-12   163  3258     0
2967.02  6.57e-11  2.31e-12   163  3243     0
2969.68  6.39e-11  2.29e-12   163  3109     0
2972.35  7.53e-11  2.53e-12   163  3539     0
2975.02  7.53e-11  2.60e-12   163  3302     0
2977.69  7.56e-11  2.62e-12   162  3284     0
2980.36  6.44e-11  2.32e-12   162  2989     0
2983.03  6.15e-11  2.24e-12   162  2832     0
2985.70  6.53e-11  2.35e-12   162  2951     0
2988.37  7.18e-11  2.49e-12   162  3220     0
2991.04  8.00e-11  2.77e-12   161  3452     0
2993.70  7.91e-11  2.97e-12   161  3395     0
2996.37  6.88e-11  2.42e-12   161  3115     0
2999.04  6.81e-11  2.55e-12   161  3064     0
3001.71  6.45e-11  2.62e-12   161  2725     0
3004.38  7.55e-11  2.60e-12   161  3168     0
3007.05  6.75e-11  2.35e-12   160  3085     0
3009.72  7.16e-11  2.45e-12   160  3238     0
3012.39  7.65e-11  2.68e-12   160  3039     0
3015.06  6.92e-11  2.49e-12   160  2686     0
3017.72  7.60e-11  3.69e-12   160  2913     0
3020.39  6.79e-11  2.42e-12   159  2745     0
3023.06  7.42e-11  2.61e-12   159  2954     0
3025.73  6.92e-11  2.52e-12   159  2687     0
3028.40  7.42e-11  2.67e-12   159  2838     0
3031.07  7.33e-11  2.67e-12   159  2693     0
3033.74  7.75e-11  2.77e-12   158  2803     0
3036.41  6.85e-11  2.75e-12   158  2475     0
3039.08  7.35e-11  3.05e-12   158  2625     0
3041.74  7.49e-11  2.72e-12   158  2709     0
3044.41  6.98e-11  4.97e-12   158  2494     0
3047.08  7.61e-11  2.85e-12   158  2360     0
3049.75  8.38e-11  5.61e-12   157  2567     0
3052.42  7.84e-11  5.13e-12   157  2494     0
3055.09  6.26e-11  3.27e-12   157  2036     0
3057.76  6.02e-11  4.60e-12   157  1930     0
3060.43  6.28e-11  4.21e-12   157  1944     0
3063.10  6.88e-11  4.55e-12   156  2094     0
3065.76  6.68e-11  3.53e-12   156  2081     0
3068.43  6.99e-11  3.34e-12   156  2141     0
3071.10  7.53e-11  3.19e-12   156  2218   -16
3073.77  6.59e-11  3.05e-12   156  1906   -16
3076.44  6.54e-11  2.81e-12   156  1976   -48
3079.11  7.24e-11  2.94e-12   155  2146   -16
3081.78  8.36e-11  4.06e-12   155  2257   -16
3084.45  8.26e-11  3.40e-12   155  2186   -16
3087.12  8.01e-11  3.80e-12   155  1973   -16
3089.78  7.36e-11  5.17e-12   155  1776   -16
3092.45  6.10e-11  4.03e-12   155  1576   -48
3095.12  5.95e-11  4.93e-12   154  1360   -16
3097.79  7.03e-11  3.26e-12   154  1576   -48
3100.46  6.08e-11  4.20e-12   154  1431   -16
3103.13  6.62e-11  3.71e-12   154  1525   -16
3105.80  7.20e-11  4.72e-12   154  1718   -16
3108.47  6.86e-11  4.83e-12   154  1603   -16
3111.14  7.68e-11  4.11e-12   153  1642   -16
3113.80  7.34e-11  3.28e-12   153  1538   -16
3116.47  6.98e-11  4.07e-12   153  1278   -16
3119.14  8.39e-11  4.15e-12   153  1505   -16
3121.81  7.62e-11  3.06e-12   153  1476   -16
3124.48  7.61e-11  5.57e-12   153  1442     0
3127.15  7.96e-11  3.62e-12   152  1426     0
3129.82  7.78e-11  4.85e-12   152  1366     0
3132.49  6.98e-11  4.96e-12   152  1271     0
3135.16  8.25e-11  3.50e-12   152  1506     0
3137.82  7.92e-11  3.14e-12   152  1417     0
3140.49  7.99e-11  3.26e-12   152  1291     0
3143.16  7.66e-11  3.24e-12   151  1214     0
3145.83  7.78e-11  3.32e-12   151  1215     0
3148.50  8.55e-11  3.42e-12   151  1309     0
3151.17  7.55e-11  3.20e-12   151  1111     0
3153.84  8.12e-11  3.37e-12   151  1172     0
3156.51  5.81e-11  2.65e-12   151   937     0
3159.18  6.49e-11  2.87e-12   151  1026     0
3161.84  6.39e-11  2.81e-12   150   991     0
3164.51  6.90e-11  3.09e-12   150  1049     0
3167.18  6.40e-11  2.99e-12   150   959     0
3169.85  7.08e-11  3.05e-12   150  1039     0
3172.52  7.58e-11  3.35e-12   150   983     0
3175.19  7.14e-11  3.21e-12   150   914     0
3177.86  6.66e-11  3.15e-12   150   831     0
3180.53  6.36e-11  3.25e-12   149   716     0
3183.20  7.32e-11  3.52e-12   149   802     0
3185.86  5.62e-11  2.78e-12   149   748     0
3188.53  6.52e-11  3.04e-12   149   843     0
3191.20  6.05e-11  3.20e-12   149   690     0
3193.87  6.76e-11  3.89e-12   149   748     0
3196.54  6.60e-11  3.44e-12   149   673     0
3199.21  8.61e-11  3.96e-12   149   851     0
3201.88  7.18e-11  3.39e-12   148   813     0
3204.55  7.15e-11  3.42e-12   148   784     0
3207.22  7.14e-11  4.45e-12   148   647     0
3209.88  6.86e-11  3.75e-12   148   604     0
3212.55  7.61e-11  4.27e-12   148   582     0
3215.22  6.93e-11  4.24e-12   148   505     0
3217.89  8.37e-11  4.62e-12   148   595     0
3220.56  6.49e-11  4.23e-12   148   619     0
3223.23  6.20e-11  3.45e-12   147   577     0
3225.90  6.32e-11  4.02e-12   147   463     0
3228.57  6.83e-11  4.21e-12   147   488     0
3231.24  5.85e-11  3.92e-12   147   439     0
3233.90  6.65e-11  4.07e-12   147   490     0
3236.57  6.58e-11  4.48e-12   147   416     0
3239.24  7.13e-11  4.66e-12   147   441     0
3241.91  7.92e-11  5.22e-12   147   437     0
3244.58  6.79e-11  5.05e-12   146   365     0
3247.25  9.38e-11  6.50e-12   146   400     0
3249.92  9.63e-11  7.24e-12   146   396     0
3252.59  6.46e-11  4.92e-12   146   349     0
3255.26  7.25e-11  5.00e-12   146   398     0
3257.92  8.05e-11  5.60e-12   146   426     0
3260.59  8.37e-11  6.11e-12   146   381     0
3263.26  8.94e-11  6.17e-12   146   393     0
3265.93  1.04e-10  7.73e-12   145   356     0
3268.60  1.09e-10  1.04e-11   145   363     0
3271.27  5.32e-11  4.78e-12   145   276     0
3273.94  5.89e-11  5.02e-12   145   298     0
3276.61  1.01e-10  9.25e-12   145   267     0
3279.28  1.16e-10  9.69e-12   145   302     0
3281.94  8.65e-11  7.63e-12   145   281     0
3284.61  8.58e-11  7.63e-12   145   274     0
3287.28  8.21e-11  7.31e-12   144   370     0
3289.95  5.83e-11  5.42e-12   144   258     0
3292.62  8.26e-11  6.49e-12   144   321     0
3295.29  9.22e-11  8.71e-12   144   251     0
3297.96  1.05e-10  9.25e-12   144   277     0
3300.63  8.98e-11  9.95e-12   144   207     0
3303.30  1.18e-10  1.12e-11   144   263     0
3305.96  5.06e-10  6.15e-11   144   262     0
3308.63  4.16e-10  5.63e-11   144   209     0
3311.30  1.65e-10  2.64e-11   143   175     0
3313.97  1.50e-10  2.19e-11   143   154     0
3316.64  1.64e-10  1.64e-11   143   232     0
3319.31  1.22e-10  1.60e-11   143   167     0
3321.98  1.30e-10  1.39e-11   143   213     0
3324.65  7.82e-11  1.33e-11   143   123     0
3327.32  5.96e-11  9.23e-12   143   146     0
3329.98  5.76e-11  8.99e-12   142   136     0
3332.65  1.45e-10  1.95e-11   142   160     0
3335.32  1.56e-10  2.35e-11   142   141     0
3337.99  1.90e-10  2.48e-11   142   165     0
3340.66  3.61e-10  6.60e-11   142   112     0
3343.33  4.78e-10  7.01e-11   142   144     0
3346.00  1.35e-10  2.48e-11   142   112     0
3348.67  1.53e-10  2.59e-11   141   123     0
