NOT ORIGINAL IUE PROJECT DATA PRODUCT
SWP8314LOWLARGE
HD  93205
10:42:37
-59:28:27
12
NO-TRAIL
X-OFFSETS
39.062
20/03/80
23:44:23
80
7.83
19/11/94
GSFC
2444319.48916
173
17
1150.58  3.58e-11  5.19e-12    23   164     0
1152.26  4.22e-11  5.08e-12    23   205     0
1153.93  4.67e-11  4.97e-12    23   242     0
1155.61  4.43e-11  4.64e-12    23   246     0
1157.29  3.97e-11  4.24e-12    23   237     0
1158.96  5.00e-11  4.31e-12    23   323     0
1160.64  4.86e-11  3.98e-12    23   345     0
1162.31  4.41e-11  3.69e-12    23   336     0
1163.99  4.55e-11  3.56e-12    23   372     0
1165.67  4.45e-11  3.46e-12    23   371     0
1167.34  4.08e-11  3.19e-12    23   365     0
1169.02  4.20e-11  3.09e-12    23   402     0
1170.70  3.74e-11  2.83e-12    23   380     0
1172.37  3.92e-11  2.80e-12    23   426     0
1174.05  3.99e-11  2.70e-12    23   462     0
1175.73  3.83e-11  2.55e-12    23   476     0
1177.40  3.79e-11  2.45e-12    23   501     0
1179.08  3.75e-11  2.36e-12    23   525     0
1180.75  4.00e-11  2.38e-12    23   585     0
1182.43  3.90e-11  2.29e-12    23   603     0
1184.11  3.93e-11  2.23e-12    23   641     0
1185.78  3.77e-11  2.13e-12    23   649     0
1187.46  3.51e-11  2.09e-12    23   634     0
1189.14  3.12e-11  1.96e-12    23   589     0
1190.81  2.96e-11  2.20e-12    23   565     0
1192.49  2.79e-11  2.30e-12    23   553     0
1194.17  2.51e-11  1.95e-12    23   518     0
1195.84  2.47e-11  1.70e-12    23   523     0
1197.52  2.39e-11  1.51e-12    23   523     0
1199.19  2.03e-11  1.34e-12    23   457     0
1200.87  1.69e-11  1.23e-12    23   385     0
1202.55  1.84e-11  1.26e-12    23   434     0
1204.22  1.69e-11  1.18e-12    23   411     0
1205.90  1.18e-11  1.00e-12    23   295     0
1207.58  8.83e-12  8.84e-13    23   226     0
1209.25  6.13e-12  7.95e-13    23   161     0
1210.93  2.99e-12  6.86e-13    23    80     0
1212.60  1.01e-12  6.07e-13    23    27     0
1214.28  7.20e-13  5.81e-13    23    20     0
1215.96  1.57e-12  5.91e-13    22    45     0
1217.63  1.26e-12  5.66e-13    22    37     0
1219.31  8.71e-13  5.38e-13    22    26     0
1220.99  3.37e-12  6.03e-13    22   104     0
1222.66  4.71e-12  6.33e-13    22   148     0
1224.34  6.15e-12  6.61e-13    22   198     0
1226.02  5.93e-12  6.57e-13    22   191     0
1227.69  5.46e-12  6.30e-13    22   180     0
1229.37  6.69e-12  6.59e-13    22   224     0
1231.04  7.80e-12  6.93e-13    22   262     0
1232.72  9.38e-12  7.26e-13    22   321     0
1234.40  1.18e-11  8.00e-13    22   409     0
1236.07  1.42e-11  8.81e-13    22   495     0
1237.75  1.92e-11  1.04e-12    22   677     0
1239.43  2.63e-11  1.25e-12    22   938     0
1241.10  3.53e-11  1.52e-12    22  1284     0
1242.78  4.77e-11  1.84e-12    22  1754     0
1244.46  5.16e-11  2.07e-12    21  1918     0
1246.13  5.82e-11  2.22e-12    21  2184     0
1247.81  4.96e-11  1.90e-12    21  1875     0
1249.48  4.92e-11  1.87e-12    21  1878     0
1251.16  4.23e-11  1.70e-12    21  1590     0
1252.84  3.89e-11  1.61e-12    21  1473     0
1254.51  4.03e-11  1.78e-12    21  1537     0
1256.19  3.89e-11  1.71e-12    21  1511     0
1257.87  3.70e-11  1.52e-12    21  1444     0
1259.54  2.91e-11  1.41e-12    21  1142     0
1261.22  3.28e-11  1.42e-12    20  1282     0
1262.89  3.78e-11  1.55e-12    20  1483     0
1264.57  3.79e-11  1.81e-12    20  1497     0
1266.25  4.26e-11  1.67e-12    20  1675     0
1267.92  4.28e-11  1.68e-12    20  1690     0
1269.60  4.24e-11  1.67e-12    20  1680     0
1271.28  4.25e-11  1.65e-12    20  1714     0
1272.95  4.37e-11  1.82e-12    20  1769     0
1274.63  4.42e-11  1.72e-12    19  1796     0
1276.31  4.37e-11  1.67e-12    19  1800     0
1277.98  4.07e-11  1.58e-12    19  1681     0
1279.66  4.06e-11  1.60e-12    19  1681     0
1281.33  4.20e-11  1.82e-12    19  1731     0
1283.01  4.04e-11  1.57e-12    19  1666     0
1284.69  4.26e-11  1.64e-12    19  1762     0
1286.36  4.48e-11  1.70e-12    18  1845     0
1288.04  4.59e-11  1.84e-12    18  1894     0
1289.72  4.54e-11  1.70e-12    18  1874     0
1291.39  4.92e-11  1.92e-12    18  2034     0
1293.07  4.50e-11  1.69e-12    18  1864     0
1294.75  4.97e-11  1.89e-12    18  2057     0
1296.42  4.35e-11  1.67e-12    17  1781     0
1298.10  4.87e-11  1.77e-12    17  1990     0
1299.77  3.93e-11  1.55e-12    17  1605     0
1301.45  3.34e-11  1.38e-12    17  1392     0
1303.13  3.05e-11  1.29e-12    17  1270     0
1304.80  3.25e-11  1.34e-12    17  1352     0
1306.48  4.46e-11  1.66e-12    16  1885     0
1308.16  4.18e-11  2.12e-12    16  1762     0
1309.83  3.96e-11  1.61e-12    16  1669     0
1311.51  4.41e-11  1.65e-12    16  1803     0
1313.19  4.54e-11  1.69e-12    16  1856     0
1314.86  4.86e-11  1.78e-12    16  1984     0
1316.54  4.13e-11  1.69e-12    15  1685     0
1318.21  4.46e-11  1.65e-12    15  1813     0
1319.89  3.98e-11  1.67e-12    15  1615     0
1321.57  4.46e-11  1.65e-12    15  1849     0
1323.24  4.85e-11  2.71e-12    15  2009     0
1324.92  4.50e-11  1.66e-12    14  1857     0
1326.60  4.83e-11  2.43e-12    14  2002     0
1328.27  4.84e-11  2.15e-12    14  2003     0
1329.95  4.56e-11  1.74e-12    14  1879     0
1331.62  3.60e-11  1.43e-12    14  1449     0
1333.30  3.01e-11  1.25e-12    13  1209     0
1334.98  2.53e-11  1.10e-12    13  1010     0
1336.65  2.95e-11  1.24e-12    13  1153     0
1338.33  3.31e-11  1.35e-12    13  1291     0
1340.01  3.66e-11  1.43e-12    12  1453     0
1341.68  4.01e-11  1.54e-12    12  1586     0
1343.36  3.97e-11  1.64e-12    12  1564     0
1345.04  4.72e-11  1.72e-12    12  1848     0
1346.71  4.46e-11  1.65e-12    12  1738     0
1348.39  4.55e-11  1.79e-12    11  1764     0
1350.06  4.45e-11  1.65e-12    11  1705     0
1351.74  5.31e-11  1.87e-12    11  2024     0
1353.42  4.85e-11  2.06e-12    11  1843     0
1355.09  4.57e-11  1.69e-12    10  1715     0
1356.77  4.47e-11  1.67e-12    10  1671     0
1358.45  4.33e-11  1.84e-12    10  1608     0
1360.12  4.16e-11  1.57e-12    10  1570     0
1361.80  3.74e-11  1.46e-12    10  1402     0
1363.48  3.59e-11  1.39e-12     9  1341     0
1365.15  3.42e-11  1.36e-12     9  1266     0
1366.83  3.54e-11  1.39e-12     9  1304     0
1368.50  3.42e-11  1.35e-12     9  1251     0
1370.18  3.44e-11  1.36e-12     8  1240     0
1371.86  3.64e-11  1.44e-12     8  1302     0
1373.53  3.89e-11  1.50e-12     8  1385     0
1375.21  3.93e-11  1.52e-12     8  1396     0
1376.89  4.27e-11  1.63e-12     7  1510     0
1378.56  4.24e-11  1.61e-12     7  1489     0
1380.24  3.98e-11  1.53e-12     7  1385     0
1381.91  4.58e-11  1.69e-12     7  1582     0
1383.59  4.25e-11  1.60e-12     7  1460     0
1385.27  4.15e-11  1.57e-12     6  1408     0
1386.94  4.08e-11  1.55e-12     6  1377     0
1388.62  3.79e-11  1.46e-12     6  1269     0
1390.30  4.07e-11  1.97e-12     6  1365     0
1391.97  4.03e-11  1.50e-12     5  1341     0
1393.65  3.80e-11  1.47e-12     5  1258     0
1395.33  3.97e-11  1.64e-12     5  1303     0
1397.00  4.34e-11  1.61e-12     5  1417     0
1398.68  4.87e-11  1.75e-12     4  1578     0
1400.35  4.65e-11  1.70e-12     4  1491     0
1402.03  4.07e-11  1.94e-12     4  1296     0
1403.71  4.22e-11  1.58e-12     4  1333     0
1405.38  4.28e-11  1.59e-12     4  1356     0
1407.06  4.27e-11  1.61e-12     3  1343     0
1408.74  3.89e-11  1.48e-12     3  1215     0
1410.41  4.26e-11  1.58e-12     3  1315     0
1412.09  4.48e-11  1.63e-12     3  1373     0
1413.77  4.57e-11  1.65e-12     2  1389     0
1415.44  4.56e-11  1.67e-12     2  1349     0
1417.12  4.20e-11  1.58e-12     2  1233     0
1418.79  4.05e-11  1.54e-12     2  1183     0
1420.47  4.06e-11  1.53e-12     2  1222     0
1422.15  4.33e-11  1.73e-12     1  1296     0
1423.82  4.65e-11  1.67e-12     1  1379     0
1425.50  4.89e-11  1.75e-12     1  1408     0
1427.18  4.27e-11  1.61e-12     1  1223     0
1428.85  4.35e-11  1.61e-12     0  1237     0
1430.53  4.28e-11  1.57e-12     0  1209     0
1432.20  4.49e-11  1.63e-12     0  1262     0
1433.88  4.85e-11  1.73e-12     0  1355     0
1435.56  5.05e-11  1.81e-12     0  1427     0
1437.23  4.75e-11  1.67e-12     0  1334     0
1438.91  4.27e-11  1.78e-12     0  1194     0
1440.59  4.10e-11  1.53e-12     0  1119     0
1442.26  4.15e-11  1.53e-12     0  1126     0
1443.94  4.44e-11  1.61e-12     0  1198     0
1445.62  4.40e-11  1.61e-12    -1  1188     0
1447.29  4.22e-11  1.55e-12    -1  1133     0
1448.97  4.20e-11  1.52e-12    -1  1122     0
1450.64  4.07e-11  1.52e-12    -1  1073     0
1452.32  3.98e-11  1.52e-12    -1  1045     0
1454.00  3.55e-11  1.49e-12    -2   928     0
1455.67  4.16e-11  1.52e-12    -2  1086     0
1457.35  3.75e-11  1.42e-12    -2   974     0
1459.03  3.55e-11  1.36e-12    -2   920     0
1460.70  4.18e-11  1.53e-12    -2  1060     0
1462.38  4.32e-11  1.57e-12    -3  1091     0
1464.06  4.25e-11  1.60e-12    -3  1072     0
1465.73  4.25e-11  1.54e-12    -3  1090     0
1467.41  4.41e-11  1.65e-12    -3  1127     0
1469.08  4.78e-11  1.84e-12    -3  1219     0
1470.76  4.18e-11  1.50e-12    -4  1077     0
1472.44  4.21e-11  1.51e-12    -4  1080     0
1474.11  4.20e-11  1.65e-12    -4  1074     0
1475.79  4.49e-11  1.57e-12    -4  1151     0
1477.47  4.38e-11  1.54e-12    -4  1120     0
1479.14  4.65e-11  1.60e-12    -4  1187     0
1480.82  4.55e-11  1.56e-12    -5  1153     0
1482.50  4.58e-11  1.87e-12    -5  1157     0
1484.17  4.41e-11  1.59e-12    -5  1110     0
1485.85  4.44e-11  1.54e-12    -5  1105     0
1487.52  4.73e-11  1.61e-12    -5  1172     0
1489.20  4.67e-11  1.80e-12    -5  1154     0
1490.88  4.53e-11  2.20e-12    -5  1131     0
1492.55  4.67e-11  1.69e-12    -6  1162     0
1494.23  4.40e-11  1.50e-12    -6  1091     0
1495.91  4.46e-11  1.54e-12    -6  1085     0
1497.58  4.16e-11  1.53e-12    -6  1007     0
1499.26  4.18e-11  1.47e-12    -6  1008     0
1500.93  4.19e-11  1.47e-12    -6   998     0
1502.61  4.42e-11  1.52e-12    -6  1048     0
1504.29  4.25e-11  1.48e-12    -7  1003     0
1505.96  4.47e-11  1.58e-12    -7  1048     0
1507.64  4.43e-11  1.64e-12    -7  1034     0
1509.32  4.49e-11  1.53e-12    -7  1044     0
1510.99  4.43e-11  1.51e-12    -7  1037     0
1512.67  4.35e-11  1.49e-12    -7  1014     0
1514.35  4.36e-11  1.50e-12    -7  1013     0
1516.02  4.52e-11  1.53e-12    -7  1051     0
1517.70  4.28e-11  1.45e-12    -7   991     0
1519.37  4.34e-11  2.27e-12    -8  1002     0
1521.05  4.22e-11  1.46e-12    -8   970     0
1522.73  4.00e-11  1.38e-12    -8   915     0
1524.40  4.06e-11  1.41e-12    -8   926     0
1526.08  3.34e-11  1.25e-12    -8   758     0
1527.76  2.95e-11  1.38e-12    -8   669     0
1529.43  2.33e-11  1.52e-12    -8   527     0
1531.11  1.07e-11  7.67e-13    -8   238     0
1532.79  3.51e-12  4.67e-13    -8    77     0
1534.46  2.87e-12  4.01e-13    -8    63     0
1536.14  4.11e-12  5.10e-13    -8    90     0
1537.81  7.17e-12  6.31e-13    -9   158     0
1539.49  1.13e-11  7.41e-13    -9   249     0
1541.17  1.62e-11  1.17e-12    -9   357     0
1542.84  2.22e-11  1.11e-12    -9   490     0
1544.52  2.73e-11  1.34e-12    -9   602     0
1546.20  3.50e-11  1.25e-12    -9   772     0
1547.87  4.08e-11  1.47e-12    -9   900     0
1549.55  4.84e-11  1.51e-12    -9  1068     0
1551.22  6.11e-11  1.77e-12    -9  1363     0
1552.90  6.68e-11  1.89e-12    -9  1492     0
1554.58  6.02e-11  2.51e-12    -9  1346     0
1556.25  5.50e-11  1.75e-12    -9  1226     0
1557.93  5.54e-11  1.68e-12    -9  1236     0
1559.61  5.10e-11  1.78e-12    -9  1138     0
1561.28  4.75e-11  1.47e-12    -9  1057     0
1562.96  4.79e-11  1.47e-12    -9  1067     0
1564.64  4.32e-11  1.38e-12    -9   964     0
1566.31  4.39e-11  1.39e-12    -9   964     0
1567.99  4.36e-11  1.38e-12    -9   958     0
1569.66  4.12e-11  1.35e-12    -9   906     0
1571.34  4.26e-11  1.34e-12    -9   960     0
1573.02  4.28e-11  1.34e-12    -9   964     0
1574.69  4.39e-11  1.45e-12    -9   991     0
1576.37  4.13e-11  1.44e-12    -9   940     0
1578.05  4.35e-11  1.34e-12    -9   991     0
1579.72  4.19e-11  1.30e-12    -9   956     0
1581.40  4.45e-11  1.35e-12    -9  1009     0
1583.08  4.12e-11  1.29e-12    -9   936     0
1584.75  3.91e-11  1.40e-12    -9   890     0
1586.43  3.87e-11  1.23e-12    -9   873     0
1588.10  3.98e-11  1.25e-12    -9   899     0
1589.78  3.78e-11  1.21e-12    -9   856     0
1591.46  3.78e-11  1.20e-12    -9   866     0
1593.13  4.00e-11  1.24e-12    -9   918     0
1594.81  4.05e-11  1.25e-12    -9   932     0
1596.49  3.97e-11  1.23e-12    -9   902     0
1598.16  3.98e-11  1.28e-12    -9   905     0
1599.84  3.76e-11  1.18e-12    -9   858     0
1601.52  3.87e-11  1.20e-12    -9   880     0
1603.19  4.05e-11  1.25e-12    -9   922     0
1604.87  3.96e-11  1.21e-12    -9   904     0
1606.54  3.77e-11  1.19e-12    -9   871     0
1608.22  3.65e-11  1.14e-12    -9   844     0
1609.90  3.71e-11  1.18e-12    -9   858     0
1611.57  3.95e-11  1.20e-12    -9   916     0
1613.25  4.00e-11  1.18e-12    -9   930     0
1614.93  3.70e-11  1.14e-12    -9   862     0
1616.60  3.62e-11  1.11e-12    -9   850     0
1618.28  3.65e-11  1.11e-12    -9   859     0
1619.95  3.54e-11  1.09e-12    -9   833     0
1621.63  3.78e-11  1.16e-12    -9   883     0
1623.31  3.65e-11  1.13e-12    -9   854     0
1624.98  3.58e-11  1.09e-12    -9   840     0
1626.66  3.76e-11  1.11e-12    -9   885     0
1628.34  3.87e-11  1.12e-12    -9   914     0
1630.01  3.85e-11  1.10e-12    -9   933     0
1631.69  3.69e-11  1.13e-12    -8   898     0
1633.37  3.94e-11  1.29e-12    -8   960     0
1635.04  3.76e-11  1.09e-12    -8   904     0
1636.72  3.97e-11  1.11e-12    -8   957     0
1638.39  3.53e-11  1.07e-12    -8   853     0
1640.07  3.66e-11  1.08e-12    -8   891     0
1641.75  3.64e-11  1.04e-12    -8   889     0
1643.42  4.08e-11  1.11e-12    -8  1001     0
1645.10  4.15e-11  1.11e-12    -8  1016     0
1646.78  4.01e-11  1.09e-12    -8   986     0
1648.45  4.16e-11  1.12e-12    -8  1025     0
1650.13  3.73e-11  1.03e-12    -8   935     0
1651.81  3.76e-11  1.14e-12    -8   943     0
1653.48  3.55e-11  1.02e-12    -7   894     0
1655.16  3.54e-11  1.29e-12    -7   882     0
1656.83  3.42e-11  9.76e-13    -7   857     0
1658.51  3.36e-11  9.66e-13    -7   845     0
1660.19  3.57e-11  9.88e-13    -7   896     0
1661.86  3.90e-11  1.05e-12    -7   982     0
1663.54  3.77e-11  1.00e-12    -7   954     0
1665.22  3.65e-11  9.71e-13    -7   950     0
1666.89  3.75e-11  9.80e-13    -7   979     0
1668.57  3.51e-11  9.44e-13    -7   920     0
1670.24  3.41e-11  9.33e-13    -7   882     0
1671.92  3.40e-11  9.68e-13    -6   885     0
1673.60  3.53e-11  9.38e-13    -6   921     0
1675.27  3.79e-11  9.67e-13    -6   991     0
1676.95  4.02e-11  9.89e-13    -6  1056     0
1678.63  4.14e-11  1.34e-12    -6  1095     0
1680.30  4.24e-11  1.00e-12    -6  1134     0
1681.98  4.03e-11  9.69e-13    -6  1083     0
1683.66  3.81e-11  9.36e-13    -6  1029     0
1685.33  3.83e-11  9.29e-13    -6  1048     0
1687.01  3.82e-11  9.24e-13    -5  1050     0
1688.68  3.70e-11  9.03e-13    -5  1023     0
1690.36  3.84e-11  9.18e-13    -5  1060     0
1692.04  3.86e-11  9.39e-13    -5  1072     0
1693.71  3.67e-11  8.86e-13    -5  1023     0
1695.39  3.66e-11  8.79e-13    -5  1028     0
1697.07  3.69e-11  1.09e-12    -5  1040     0
1698.74  3.73e-11  8.96e-13    -5  1058     0
1700.42  3.71e-11  8.67e-13    -5  1061     0
1702.10  3.67e-11  9.45e-13    -5  1057     0
1703.77  3.67e-11  9.04e-13    -4  1062     0
1705.45  3.52e-11  8.38e-13    -4  1032     0
1707.12  3.39e-11  8.07e-13    -4  1000     0
1708.80  3.35e-11  7.97e-13    -4   995     0
1710.48  3.21e-11  7.92e-13    -4   957     0
1712.15  3.15e-11  7.64e-13    -4   944     0
1713.83  3.16e-11  7.61e-13    -4   954     0
1715.51  3.18e-11  8.83e-13    -4   962     0
1717.18  3.16e-11  7.61e-13    -4   963     0
1718.86  3.29e-11  7.84e-13    -3  1007     0
1720.54  3.54e-11  8.05e-13    -3  1078     0
1722.21  3.81e-11  8.06e-13    -3  1170     0
1723.89  3.70e-11  8.92e-13    -3  1141     0
1725.56  3.47e-11  7.49e-13    -3  1112     0
1727.24  3.53e-11  8.22e-13    -3  1136     0
1728.92  3.46e-11  7.37e-13    -3  1120     0
1730.59  3.59e-11  8.14e-13    -3  1161     0
1732.27  3.78e-11  7.78e-13    -3  1230     0
1733.95  3.59e-11  7.36e-13    -3  1176     0
1735.62  3.66e-11  7.38e-13    -2  1207     0
1737.30  3.53e-11  7.20e-13    -2  1169     0
1738.97  3.46e-11  7.09e-13    -2  1154     0
1740.65  3.50e-11  7.14e-13    -2  1154     0
1742.33  3.57e-11  7.23e-13    -2  1185     0
1744.00  3.57e-11  7.10e-13    -2  1193     0
1745.68  3.59e-11  7.05e-13    -2  1215     0
1747.36  3.54e-11  6.95e-13    -2  1204     0
1749.03  3.45e-11  6.82e-13    -2  1182     0
1750.71  3.44e-11  6.77e-13    -2  1174     0
1752.39  3.45e-11  6.74e-13    -1  1184     0
1754.06  3.61e-11  6.88e-13    -1  1246     0
1755.74  3.43e-11  6.59e-13    -1  1206     0
1757.41  3.64e-11  6.76e-13    -1  1289     0
1759.09  3.63e-11  9.67e-13    -1  1289     0
1760.77  3.52e-11  6.55e-13    -1  1259     0
1762.44  3.53e-11  6.53e-13    -1  1270     0
1764.12  3.49e-11  6.45e-13    -1  1262     0
1765.80  3.53e-11  6.48e-13    -1  1271     0
1767.47  3.46e-11  6.37e-13    -1  1251     0
1769.15  3.35e-11  6.22e-13    -1  1217     0
1770.83  3.55e-11  6.38e-13    -1  1291     0
1772.50  3.60e-11  6.39e-13    -1  1312     0
1774.18  3.43e-11  6.18e-13     0  1257     0
1775.85  3.45e-11  6.16e-13     0  1275     0
1777.53  3.51e-11  6.18e-13     0  1302     0
1779.21  3.40e-11  6.03e-13     0  1266     0
1780.88  3.39e-11  5.98e-13     0  1272     0
1782.56  3.43e-11  6.05e-13     0  1292     0
1784.24  3.43e-11  6.30e-13     0  1296     0
1785.91  3.45e-11  7.39e-13     0  1289     0
1787.59  3.53e-11  8.22e-13     0  1322     0
1789.26  3.41e-11  9.16e-13     0  1283 -4096
1790.94  3.30e-11  9.05e-13     0  1255 -4096
1792.62  3.25e-11  8.35e-13     0  1241     0
1794.29  3.33e-11  6.08e-13     0  1276     0
1795.97  3.25e-11  5.56e-13     0  1248     0
1797.65  3.24e-11  5.52e-13     0  1249     0
1799.32  3.27e-11  5.51e-13     0  1262     0
1801.00  3.16e-11  5.40e-13     0  1225     0
1802.68  3.14e-11  5.40e-13     0  1220     0
1804.35  3.14e-11  5.33e-13     0  1223     0
1806.03  3.04e-11  5.19e-13     0  1200     0
1807.70  3.01e-11  5.37e-13     0  1193     0
1809.38  2.92e-11  5.06e-13     0  1160     0
1811.06  2.95e-11  5.07e-13     0  1165     0
1812.73  3.17e-11  5.21e-13     0  1256     0
1814.41  3.07e-11  5.11e-13     0  1216     0
1816.09  3.17e-11  5.15e-13     0  1267     0
1817.76  3.18e-11  6.11e-13     0  1273     0
1819.44  3.21e-11  5.15e-13     0  1285     0
1821.12  3.20e-11  5.09e-13     0  1293     0
1822.79  3.08e-11  4.97e-13     0  1247     0
1824.47  3.04e-11  4.92e-13     0  1231     0
1826.14  3.02e-11  4.86e-13     0  1235     0
1827.82  2.98e-11  4.83e-13     0  1219     0
1829.50  3.00e-11  5.02e-13     0  1230     0
1831.17  3.09e-11  4.92e-13     0  1231     0
1832.85  3.12e-11  4.93e-13     0  1247     0
1834.53  3.10e-11  4.89e-13     0  1238     0
1836.20  2.98e-11  4.77e-13     0  1197     0
1837.88  3.04e-11  4.80e-13     0  1222     0
1839.55  2.99e-11  4.74e-13     0  1201     0
1841.23  2.99e-11  4.72e-13     0  1206     0
1842.91  3.03e-11  4.97e-13     0  1222     0
1844.58  2.98e-11  4.80e-13     0  1200     0
1846.26  3.02e-11  4.73e-13     0  1195     0
1847.94  2.90e-11  4.65e-13     0  1147     0
1849.61  2.99e-11  4.71e-13     0  1184     0
1851.29  2.82e-11  4.52e-13     0  1137     0
1852.97  2.70e-11  4.45e-13     0  1086     0
1854.64  2.69e-11  4.44e-13     0  1082     0
1856.32  2.67e-11  4.66e-13     0  1066     0
1857.99  2.64e-11  4.42e-13     0  1053     0
1859.67  2.67e-11  4.42e-13     0  1063     0
1861.35  2.69e-11  4.44e-13     0  1064     0
1863.02  2.77e-11  4.46e-13     0  1093     0
1864.70  2.80e-11  4.47e-13     0  1105     0
1866.38  2.68e-11  4.35e-13     0  1073     0
1868.05  2.80e-11  4.39e-13     0  1122     0
1869.73  2.74e-11  4.36e-13     0  1096     0
1871.41  2.75e-11  4.35e-13     0  1099     0
1873.08  2.72e-11  4.33e-13     0  1085     0
1874.76  2.69e-11  4.31e-13     0  1068     0
1876.43  2.73e-11  4.34e-13     0  1077     0
1878.11  2.71e-11  4.32e-13     0  1069     0
1879.79  2.73e-11  4.33e-13     0  1076     0
1881.46  2.69e-11  4.32e-13     0  1053     0
1883.14  2.68e-11  4.31e-13    -1  1047     0
1884.82  2.69e-11  4.43e-13    -1  1048     0
1886.49  2.67e-11  4.28e-13    -1  1042     0
1888.17  2.70e-11  4.29e-13    -1  1053     0
1889.85  2.81e-11  4.32e-13    -1  1092     0
1891.52  2.76e-11  4.32e-13    -1  1066     0
1893.20  2.69e-11  4.30e-13    -1  1039     0
1894.87  2.64e-11  4.28e-13    -1  1016     0
1896.55  2.67e-11  4.28e-13    -1  1030     0
1898.23  2.66e-11  4.27e-13    -1  1024     0
1899.90  2.64e-11  4.26e-13    -1  1012     0
1901.58  2.77e-11  4.29e-13    -1  1062     0
1903.26  2.71e-11  4.27e-13    -1  1036     0
1904.93  2.70e-11  4.27e-13    -1  1032     0
1906.61  2.75e-11  4.32e-13    -2  1039     0
1908.28  2.66e-11  4.52e-13    -2  1002     0
1909.96  2.65e-11  4.29e-13    -2   998     0
1911.64  2.56e-11  4.23e-13    -2   972     0
1913.31  2.55e-11  4.23e-13    -2   967     0
1914.99  2.59e-11  4.24e-13    -2   983     0
1916.67  2.49e-11  4.18e-13    -2   957     0
1918.34  2.55e-11  4.18e-13    -2   981     0
1920.02  2.58e-11  4.20e-13    -2   987     0
1921.70  2.53e-11  4.29e-13    -2   968     0
1923.37  2.51e-11  4.28e-13    -2   962     0
1925.05  2.44e-11  4.19e-13    -2   926     0
1926.72  2.48e-11  4.19e-13    -2   940     0
1928.40  2.44e-11  4.13e-13    -3   928     0
1930.08  2.39e-11  4.12e-13    -3   906     0
1931.75  2.44e-11  4.12e-13    -3   924     0
1933.43  2.37e-11  4.09e-13    -3   900     0
1935.11  2.40e-11  4.05e-13    -3   920     0
1936.78  2.45e-11  4.05e-13    -3   944     0
1938.46  2.44e-11  4.03e-13    -3   939     0
1940.14  2.36e-11  3.99e-13    -3   910     0
1941.81  2.38e-11  3.98e-13    -3   924     0
1943.49  2.35e-11  3.96e-13    -3   913     0
1945.16  2.35e-11  3.96e-13    -3   909     0
1946.84  2.33e-11  3.94e-13    -3   905     0
1948.52  2.29e-11  3.91e-13    -3   891     0
1950.19  2.31e-11  3.86e-13    -3   912     0
1951.87  2.27e-11  3.84e-13    -3   898     0
1953.55  2.25e-11  3.82e-13    -3   895     0
1955.22  2.25e-11  3.82e-13    -3   892     0
1956.90  2.19e-11  3.79e-13    -3   867     0
1958.57  2.21e-11  3.79e-13    -3   878     0
1960.25  2.22e-11  3.79e-13    -3   881     0
1961.93  2.23e-11  3.78e-13    -3   887     0
1963.60  2.24e-11  3.78e-13    -3   890     0
1965.28  2.22e-11  3.76e-13    -3   886     0
1966.96  2.22e-11  3.76e-13    -3   884     0
1968.63  2.17e-11  3.74e-13    -3   862     0
1970.31  2.11e-11  3.74e-13    -3   832     0
1971.99  2.15e-11  3.77e-13    -3   842     0
1973.66  2.18e-11  3.79e-13    -3   850     0
1975.34  2.14e-11  3.79e-13    -3   830     0
1977.01  2.06e-11  3.77e-13    -3   795     0
1978.69  2.03e-11  3.76e-13    -3   778     0
1979.52  1.87e-11  1.18e-12    63   347     0
1982.19  1.92e-11  1.21e-12    63   359     0
1984.86  2.07e-11  1.31e-12    63   395     0
1987.53  2.02e-11  1.25e-12    63   376     0
1990.20  1.88e-11  1.21e-12    63   356     0
1992.87  2.13e-11  1.26e-12    63   408     0
1995.54  1.73e-11  1.12e-12    63   334     0
1998.21  1.99e-11  1.24e-12    63   386     0
2000.88  1.70e-11  1.12e-12    63   349     0
2003.54  1.71e-11  1.11e-12    64   354     0
2006.21  1.80e-11  1.16e-12    64   367     0
2008.88  1.49e-11  1.05e-12    64   305     0
2011.55  1.58e-11  1.05e-12    64   346     0
2014.22  2.21e-11  1.24e-12    64   490     0
2016.89  1.97e-11  1.16e-12    64   437     0
2019.56  1.52e-11  1.01e-12    64   343     0
2022.23  1.79e-11  1.14e-12    65   382     0
2024.90  1.68e-11  1.09e-12    65   366     0
2027.56  1.40e-11  9.58e-13    65   318     0
2030.23  1.74e-11  1.04e-12    65   419     0
2032.90  1.89e-11  1.13e-12    65   459     0
2035.57  1.83e-11  1.14e-12    65   418     0
2038.24  1.69e-11  1.10e-12    66   388     0
2040.91  1.72e-11  1.07e-12    66   416     0
2043.58  1.61e-11  1.03e-12    66   390     0
2046.25  1.57e-11  1.06e-12    66   363     0
2048.92  1.51e-11  1.04e-12    66   353     0
2051.58  1.43e-11  9.66e-13    67   354     0
2054.25  1.03e-11  9.33e-13    67   258     0
2056.92  1.35e-11  9.47e-13    67   335     0
2059.59  1.22e-11  8.87e-13    67   306     0
2062.26  1.35e-11  9.91e-13    67   319     0
2064.93  1.33e-11  9.79e-13    68   318     0
2067.60  1.31e-11  9.25e-13    68   346     0
2070.27  1.19e-11  8.71e-13    68   310     0
2072.94  1.40e-11  9.57e-13    68   368     0
2075.60  1.53e-11  1.02e-12    69   385     0
2078.27  1.49e-11  1.01e-12    69   375     0
2080.94  1.49e-11  1.03e-12    69   367     0
2083.61  1.53e-11  1.04e-12    69   377     0
2086.28  1.35e-11  9.19e-13    70   373     0
2088.95  1.42e-11  9.70e-13    70   391     0
2091.62  1.51e-11  1.03e-12    70   368     0
2094.29  1.42e-11  1.04e-12    70   345     0
2096.96  1.08e-11  8.66e-13    71   287     0
2099.62  1.13e-11  8.91e-13    71   298     0
2102.29  1.24e-11  9.68e-13    71   315     0
2104.96  1.29e-11  9.69e-13    71   328     0
2107.63  1.31e-11  9.76e-13    72   336     0
2110.30  1.47e-11  1.02e-12    72   378     0
2112.97  1.03e-11  8.65e-13    72   265     0
2115.64  1.01e-11  9.15e-13    72   241     0
2118.31  1.29e-11  1.00e-12    73   311     0
2120.98  1.35e-11  9.87e-13    73   347     0
2123.65  1.38e-11  1.20e-12    73   355     0
2126.31  1.11e-11  9.29e-13    74   286     0
2128.98  1.10e-11  9.04e-13    74   284     0
2131.65  1.13e-11  9.06e-13    74   299     0
2134.32  1.14e-11  9.14e-13    74   302     0
2136.99  1.24e-11  9.30e-13    75   322     0
2139.66  1.20e-11  9.42e-13    75   313     0
2142.33  1.00e-11  8.82e-13    75   270     0
2145.00  1.14e-11  9.28e-13    75   308     0
2147.67  1.05e-11  9.24e-13    76   262     0
2150.33  1.23e-11  9.89e-13    76   315     0
2153.00  1.32e-11  1.02e-12    76   340     0
2155.67  1.16e-11  9.61e-13    77   286     0
2158.34  1.33e-11  1.05e-12    77   331     0
2161.01  1.17e-11  9.62e-13    77   294     0
2163.68  9.58e-12  9.07e-13    78   242     0
2166.35  9.65e-12  8.79e-13    78   253     0
2169.02  1.17e-11  9.58e-13    78   308     0
2171.69  1.21e-11  9.92e-13    78   300     0
2174.35  9.01e-12  8.95e-13    79   223     0
2177.02  1.14e-11  1.02e-12    79   289     0
2179.69  9.19e-12  8.81e-13    79   233     0
2182.36  1.13e-11  9.30e-13    80   310     0
2185.03  9.79e-12  9.03e-13    80   258     0
2187.70  1.18e-11  1.05e-12    80   311     0
2190.37  1.16e-11  1.28e-12    81   320     0
2193.04  9.77e-12  1.05e-12    81   271     0
2195.71  9.06e-12  8.78e-13    81   241     0
2198.37  1.35e-11  1.02e-12    81   364     0
2201.04  1.24e-11  1.00e-12    82   330     0
2203.71  1.10e-11  9.40e-13    82   298     0
2206.38  1.16e-11  9.53e-13    82   313     0
2209.05  1.11e-11  9.84e-13    83   302     0
2211.72  8.97e-12  8.25e-13    83   259     0
2214.39  1.05e-11  8.96e-13    83   300     0
2217.06  1.12e-11  9.90e-13    84   293     0
2219.73  1.04e-11  9.48e-13    84   271     0
2222.39  1.03e-11  9.25e-13    84   280     0
2225.06  1.27e-11  1.01e-12    85   339     0
2227.73  9.44e-12  9.18e-13    85   254     0
2230.40  1.23e-11  9.80e-13    85   345     0
2233.07  8.48e-12  8.21e-13    85   241     0
2235.74  1.23e-11  9.82e-13    86   351     0
2238.41  1.31e-11  9.96e-13    86   383     0
2241.08  8.84e-12  8.82e-13    86   250     0
2243.75  8.51e-12  8.59e-13    87   244     0
2246.41  1.05e-11  8.70e-13    87   337     0
2249.08  9.42e-12  8.28e-13    87   306     0
2251.75  1.01e-11  8.53e-13    88   323     0
2254.42  1.02e-11  8.58e-13    88   327     0
2257.09  9.73e-12  8.65e-13    88   299     0
2259.76  1.11e-11  9.31e-13    89   342     0
2262.43  9.35e-12  8.89e-13    89   293     0
2265.10  1.02e-11  9.06e-13    89   340     0
2267.77  1.19e-11  9.09e-13    89   402     0
2270.43  1.33e-11  9.64e-13    90   477     0
2273.10  1.19e-11  8.94e-13    90   432     0
2275.77  1.08e-11  8.52e-13    90   378     0
2278.44  1.00e-11  8.39e-13    91   356     0
2281.11  1.26e-11  9.77e-13    91   407     0
2283.78  1.45e-11  1.05e-12    91   473     0
2286.45  1.13e-11  8.24e-13    92   468     0
2289.12  1.04e-11  7.71e-13    92   430     0
2291.79  1.08e-11  8.40e-13    92   417     0
2294.45  1.08e-11  8.47e-13    92   419     0
2297.12  1.21e-11  9.15e-13    93   447     0
2299.79  1.15e-11  8.92e-13    93   427     0
2302.46  1.06e-11  8.20e-13    93   412     0
2305.13  1.25e-11  1.01e-12    94   466     0
2307.80  1.16e-11  8.91e-13    94   439     0
2310.47  1.61e-11  1.03e-12    94   642     0
2313.14  1.45e-11  9.47e-13    95   588     0
2315.81  1.14e-11  8.74e-13    95   446     0
2318.47  1.12e-11  8.52e-13    95   445     0
2321.14  1.15e-11  8.42e-13    95   490     0
2323.81  1.16e-11  8.24e-13    96   506     0
2326.48  1.18e-11  8.02e-13    96   576     0
2329.15  1.16e-11  8.10e-13    96   577     0
2331.82  1.48e-11  9.25e-13    97   711     0
2334.49  1.38e-11  8.65e-13    97   672     0
2337.16  1.15e-11  8.64e-13    97   592     0
2339.83  1.15e-11  7.55e-13    97   601     0
2342.49  1.27e-11  8.24e-13    98   658     0
2345.16  1.03e-11  7.98e-13    98   547     0
2347.83  1.09e-11  7.46e-13    98   584     0
2350.50  1.22e-11  8.16e-13    98   639     0
2353.17  1.02e-11  7.98e-13    99   543     0
2355.84  1.17e-11  8.71e-13    99   621     0
2358.51  1.42e-11  1.12e-12    99   760     0
2361.18  1.21e-11  8.53e-13   100   681     0
2363.85  1.46e-11  1.06e-12   100   825     0
2366.51  1.48e-11  9.12e-13   100   779     0
2369.18  1.33e-11  8.52e-13   100   711     0
2371.85  1.07e-11  7.39e-13   101   585     0
2374.52  1.07e-11  7.96e-13   101   593     0
2377.19  1.17e-11  7.77e-13   101   688     0
2379.86  9.35e-12  6.77e-13   101   556     0
2382.53  9.01e-12  6.92e-13   102   508     0
2385.20  1.14e-11  7.95e-13   102   630     0
2387.87  1.35e-11  8.92e-13   102   754     0
2390.53  1.18e-11  9.96e-13   102   679     0
2393.20  1.27e-11  8.20e-13   103   733     0
2395.87  1.30e-11  8.24e-13   103   816     0
2398.54  1.32e-11  8.25e-13   103   832     0
2401.21  1.31e-11  8.51e-13   103   802     0
2403.88  1.24e-11  8.25e-13   104   768     0
2406.55  1.12e-11  7.55e-13   104   713     0
2409.22  1.65e-11  1.23e-12   104  1063     0
2411.89  1.26e-11  8.50e-13   104   803     0
2414.55  1.13e-11  7.61e-13   105   728     0
2417.22  1.38e-11  8.79e-13   105   888     0
2419.89  1.36e-11  8.32e-13   105   885     0
2422.56  1.41e-11  8.41e-13   105   908     0
2425.23  1.30e-11  8.16e-13   106   894     0
2427.90  1.37e-11  1.31e-12   106   956     0
2430.57  1.42e-11  8.52e-13   106   967     0
2433.24  1.32e-11  8.49e-13   106   908     0
2435.91  1.25e-11  8.13e-13   106   859     0
2438.57  1.32e-11  8.23e-13   107   919     0
2441.24  1.20e-11  7.53e-13   107   864     0
2443.91  1.28e-11  8.79e-13   107   942     0
2446.58  1.39e-11  8.30e-13   107  1050     0
2449.25  1.21e-11  7.48e-13   108   927     0
2451.92  1.36e-11  8.67e-13   108  1089     0
2454.59  1.29e-11  7.76e-13   108  1041     0
2457.26  1.51e-11  9.57e-13   108  1169     0
2459.93  1.29e-11  1.10e-12   108  1013     0
2462.59  1.27e-11  7.74e-13   109  1037     0
2465.26  1.26e-11  7.70e-13   109  1053     0
2467.93  1.51e-11  8.68e-13   109  1273     0
2470.60  1.26e-11  7.64e-13   109  1015     0
2473.27  1.32e-11  8.15e-13   109  1063     0
2475.94  1.42e-11  8.94e-13   110  1160     0
2478.61  1.49e-11  1.02e-12   110  1220     0
2481.28  1.35e-11  8.04e-13   110  1119     0
2483.95  1.31e-11  7.65e-13   110  1089     0
2486.61  1.19e-11  7.32e-13   110  1056     0
2489.28  1.11e-11  6.97e-13   111   986     0
2491.95  1.39e-11  8.70e-13   111  1073     0
2494.62  1.45e-11  8.78e-13   111  1117     0
2497.29  1.47e-11  8.75e-13   111  1221     0
2499.96  1.58e-11  9.04e-13   111  1318     0
2502.63  1.30e-11  7.63e-13   111  1190     0
2505.30  1.63e-11  1.49e-12   112  1409     0
2507.97  1.15e-11  7.28e-13   112  1000     0
2510.63  1.27e-11  8.10e-13   112  1188     0
2513.30  1.36e-11  7.91e-13   112  1287     0
2515.97  1.39e-11  8.36e-13   112  1176     0
2518.64  1.24e-11  7.50e-13   112  1060     0
2521.31  1.58e-11  8.81e-13   113  1397     0
2523.98  1.34e-11  7.91e-13   113  1203     0
2526.65  1.47e-11  8.33e-13   113  1380     0
2529.32  1.38e-11  7.77e-13   113  1289     0
2531.99  1.35e-11  7.84e-13   113  1275     0
2534.65  1.27e-11  7.60e-13   113  1196     0
2537.32  1.71e-11  8.47e-13   114  1730     0
2539.99  1.31e-11  7.59e-13   114  1334     0
2542.66  1.26e-11  7.28e-13   114  1310     0
2545.33  1.37e-11  7.81e-13   114  1420     0
2548.00  1.33e-11  7.39e-13   114  1404     0
2550.67  1.51e-11  8.98e-13   114  1509     0
2553.34  1.27e-11  7.45e-13   114  1297     0
2556.01  1.31e-11  7.67e-13   114  1316     0
2558.67  1.45e-11  7.92e-13   115  1477     0
2561.34  1.57e-11  8.08e-13   115  1621     0
2564.01  1.45e-11  7.83e-13   115  1502     0
2566.68  1.30e-11  7.08e-13   115  1468     0
2569.35  1.08e-11  8.89e-13   115  1218     0
2572.02  1.21e-11  9.74e-13   115  1304     0
2574.69  1.57e-11  1.01e-12   115  1692     0
2577.36  1.39e-11  1.05e-12   115  1443     0
2580.03  1.35e-11  9.38e-13   116  1509     0
2582.69  1.16e-11  8.02e-13   116  1302     0
2585.36  1.10e-11  6.69e-13   116  1166     0
2588.03  1.12e-11  6.76e-13   116  1193     0
2590.70  1.17e-11  6.89e-13   116  1287     0
2593.37  1.34e-11  7.19e-13   116  1490     0
2596.04  1.19e-11  6.89e-13   116  1345     0
2598.71  9.71e-12  6.12e-13   116  1113     0
2601.38  1.13e-11  6.68e-13   116  1290     0
2604.05  1.22e-11  6.99e-13   116  1407     0
2606.71  1.08e-11  6.59e-13   117  1344     0
2609.38  1.34e-11  7.69e-13   117  1686     0
2612.05  1.37e-11  6.98e-13   117  1668     0
2614.72  1.49e-11  7.11e-13   117  1834     0
2617.39  1.24e-11  6.71e-13   117  1495     0
2620.06  1.36e-11  9.01e-13   117  1693     0
2622.73  1.30e-11  7.44e-13   117  1630     0
2625.40  1.32e-11  6.89e-13   117  1610     0
2628.07  1.12e-11  7.75e-13   117  1375     0
2630.73  1.29e-11  7.59e-13   117  1613     0
2633.40  1.46e-11  7.88e-13   117  1831     0
2636.07  1.24e-11  6.74e-13   117  1509     0
2638.74  1.28e-11  6.79e-13   118  1559     0
2641.41  1.42e-11  7.77e-13   118  1792     0
2644.08  1.33e-11  7.60e-13   118  1680     0
2646.75  1.53e-11  7.88e-13   118  1834     0
2649.42  1.33e-11  6.98e-13   118  1596     0
2652.09  1.19e-11  7.20e-13   118  1519     0
2654.75  1.29e-11  7.55e-13   118  1650     0
2657.42  1.18e-11  6.49e-13   118  1487     0
2660.09  1.24e-11  6.37e-13   118  1647     0
2662.76  1.15e-11  7.49e-13   118  1533     0
2665.43  1.22e-11  7.63e-13   118  1625     0
2668.10  1.25e-11  7.08e-13   118  1676     0
2670.77  1.14e-11  1.02e-12   118  1531  -256
2673.44  1.28e-11  6.45e-13   118  1720     0
2676.11  1.31e-11  6.88e-13   118  1760     0
2678.77  1.50e-11  7.52e-13   118  2039     0
2681.44  1.44e-11  6.45e-13   118  1963     0
2684.11  1.30e-11  6.27e-13   118  1789     0
2686.78  1.17e-11  6.09e-13   118  1621     0
2689.45  1.28e-11  7.07e-13   118  1791     0
2692.12  1.46e-11  8.89e-13   119  1947     0
2694.79  1.03e-11  6.40e-13   119  1371     0
2697.46  1.29e-11  6.81e-13   119  1572     0
2700.13  1.32e-11  9.31e-13   119  1870     0
2702.79  1.42e-11  6.24e-13   119  1996     0
2705.46  1.22e-11  6.30e-13   119  1613     0
2708.13  1.05e-11  5.97e-13   119  1388     0
2710.80  1.30e-11  6.67e-13   119  1797     0
2713.47  1.11e-11  7.35e-13   119  1545     0
2716.14  1.13e-11  6.06e-13   119  1530     0
2718.81  1.26e-11  7.16e-13   119  1723     0
2721.48  1.39e-11  7.62e-13   119  1821     0
2724.15  1.10e-11  6.13e-13   119  1457     0
2726.81  1.23e-11  5.94e-13   119  1772     0
2729.48  1.27e-11  7.34e-13   119  1842     0
2732.15  1.14e-11  6.04e-13   119  1521     0
2734.82  1.45e-11  6.47e-13   119  1946     0
2737.49  1.25e-11  6.13e-13   119  1727     0
2740.16  1.36e-11  6.32e-13   119  1851     0
2742.83  1.42e-11  8.35e-13   119  1927     0
2745.50  1.22e-11  6.82e-13   119  1721     0
2748.17  1.08e-11  6.39e-13   119  1523     0
2750.83  1.41e-11  1.07e-12   119  1974     0
2753.50  1.37e-11  7.79e-13   119  1913     0
2756.17  1.05e-11  5.91e-13   119  1511     0
2758.84  1.29e-11  1.05e-12   119  1854     0
2761.51  1.11e-11  5.81e-13   119  1567     0
2764.18  1.35e-11  7.54e-13   119  1889     0
2766.85  1.12e-11  5.81e-13   119  1517     0
2769.52  1.26e-11  6.19e-13   119  1702     0
2772.19  1.38e-11  7.89e-13   119  1844     0
2774.85  1.32e-11  1.05e-12   119  1762     0
2777.52  1.37e-11  8.64e-13   119  1872     0
2780.19  1.34e-11  7.08e-13   119  1827     0
2782.86  1.10e-11  6.64e-13   119  1494     0
2785.53  1.27e-11  6.04e-13   119  1758     0
2788.20  1.28e-11  6.04e-13   119  1767     0
2790.87  9.67e-12  5.27e-13   119  1417     0
2793.54  7.37e-12  4.54e-13   119  1078     0
2796.21  8.41e-12  5.07e-13   119  1152     0
2798.87  9.19e-12  5.41e-13   119  1255     0
2801.54  8.88e-12  5.17e-13   118  1255     0
2804.21  1.12e-11  6.08e-13   118  1581     0
2806.88  1.26e-11  8.66e-13   118  1651     0
2809.55  1.35e-11  8.01e-13   118  1765     0
2812.22  1.14e-11  5.99e-13   118  1592     0
2814.89  1.09e-11  5.69e-13   118  1514     0
2817.56  1.14e-11  7.81e-13   118  1584     0
2820.23  1.09e-11  5.55e-13   118  1508     0
2822.90  1.23e-11  5.83e-13   118  1706     0
2825.56  1.33e-11  6.39e-13   118  1700     0
2828.23  1.16e-11  9.52e-13   118  1473     0
2830.90  1.37e-11  6.55e-13   118  1729     0
2833.57  1.44e-11  7.32e-13   118  1825     0
2836.24  1.31e-11  7.90e-13   118  1682     0
2838.91  1.14e-11  5.96e-13   118  1466     0
2841.58  1.07e-11  5.61e-13   118  1601     0
2844.25  1.11e-11  5.40e-13   118  1653     0
2846.92  9.80e-12  6.03e-13   118  1341     0
2849.58  9.20e-12  5.96e-13   118  1257     0
2852.25  1.27e-11  5.88e-13   118  1750     0
2854.92  1.07e-11  5.59e-13   118  1469     0
2857.59  1.14e-11  5.70e-13   118  1559     0
2860.26  9.37e-12  6.38e-13   118  1269     0
2862.93  9.56e-12  7.86e-13   118  1293     0
2865.60  1.17e-11  7.52e-13   118  1651     0
2868.27  1.10e-11  6.24e-13   117  1545     0
2870.94  1.10e-11  6.45e-13   117  1453     0
2873.60  1.08e-11  5.64e-13   117  1427     0
2876.27  1.38e-11  6.31e-13   117  1765     0
2878.94  1.20e-11  6.06e-13   117  1526     0
2881.61  1.01e-11  5.53e-13   117  1342     0
2884.28  1.09e-11  7.20e-13   117  1439     0
2886.95  1.11e-11  6.44e-13   117  1450     0
2889.62  1.34e-11  6.10e-13   117  1756     0
2892.29  1.27e-11  6.06e-13   117  1639     0
2894.96  1.14e-11  6.10e-13   117  1473     0
2897.62  1.06e-11  5.74e-13   117  1341     0
2900.29  9.86e-12  5.56e-13   117  1296     0
2902.96  1.20e-11  5.84e-13   117  1563     0
2905.63  1.30e-11  6.66e-13   117  1499     0
2908.30  1.20e-11  6.50e-13   117  1371     0
2910.97  1.15e-11  6.87e-13   117  1390     0
2913.64  1.16e-11  6.04e-13   117  1386     0
2916.31  1.02e-11  5.60e-13   116  1264     0
2918.98  1.15e-11  6.00e-13   116  1409     0
2921.64  1.15e-11  6.23e-13   116  1283     0
2924.31  1.12e-11  6.18e-13   116  1230     0
2926.98  1.19e-11  7.13e-13   116  1358     0
2929.65  1.21e-11  7.25e-13   116  1367     0
2932.32  9.39e-12  5.38e-13   116  1114     0
2934.99  1.06e-11  5.73e-13   116  1252     0
2937.66  1.17e-11  6.43e-13   116  1226     0
2940.33  1.17e-11  5.98e-13   116  1368     0
2943.00  9.54e-12  5.38e-13   116  1111     0
2945.66  1.17e-11  6.22e-13   116  1281     0
2948.33  1.05e-11  6.61e-13   116  1146     0
2951.00  1.07e-11  7.02e-13   116  1155     0
2953.67  1.21e-11  6.58e-13   116  1303     0
2956.34  1.09e-11  5.92e-13   116  1235     0
2959.01  1.08e-11  7.95e-13   116  1222     0
2961.68  1.03e-11  5.93e-13   116  1075     0
2964.35  1.04e-11  5.88e-13   115  1063     0
2967.02  1.09e-11  6.05e-13   115  1146     0
2969.68  1.00e-11  5.83e-13   115  1032     0
2972.35  1.03e-11  5.97e-13   115  1025     0
2975.02  1.05e-11  6.04e-13   115   987     0
2977.69  1.13e-11  6.49e-13   115  1052     0
2980.36  1.05e-11  6.10e-13   115  1047     0
2983.03  1.01e-11  5.90e-13   115   999     0
2985.70  9.84e-12  5.77e-13   115   958     0
2988.37  1.06e-11  6.02e-13   115  1023     0
2991.04  1.09e-11  6.32e-13   115   990     0
2993.70  1.00e-11  5.95e-13   115   908     0
2996.37  1.16e-11  6.35e-13   115  1095     0
2999.04  1.02e-11  5.80e-13   115   959     0
3001.71  1.06e-11  6.31e-13   115   939     0
3004.38  1.17e-11  6.72e-13   115  1027     0
3007.05  9.24e-12  5.49e-13   115   875     0
3009.72  9.60e-12  5.56e-13   115   900     0
3012.39  1.06e-11  6.21e-13   115   886     0
3015.06  9.77e-12  5.96e-13   114   792     0
3017.72  1.08e-11  6.48e-13   114   861     0
3020.39  9.98e-12  5.95e-13   114   837     0
3023.06  9.73e-12  5.85e-13   114   803     0
3025.73  9.33e-12  5.72e-13   114   763     0
3028.40  1.09e-11  6.41e-13   114   881     0
3031.07  8.71e-12  5.49e-13   114   676     0
3033.74  1.00e-11  6.03e-13   114   765     0
3036.41  9.83e-12  7.22e-13   114   738     0
3039.08  9.93e-12  6.07e-13   114   737     0
3041.74  1.06e-11  6.31e-13   114   791     0
3044.41  9.50e-12  5.84e-13   114   703     0
3047.08  9.99e-12  6.44e-13   114   634     0
3049.75  1.13e-11  7.19e-13   114   708     0
3052.42  1.07e-11  6.52e-13   114   707     0
3055.09  9.34e-12  5.87e-13   114   636     0
3057.76  9.87e-12  6.12e-13   114   662     0
3060.43  8.56e-12  5.77e-13   114   557     0
3063.10  8.48e-12  5.65e-13   114   543     0
3065.76  8.77e-12  5.71e-13   114   577     0
3068.43  8.97e-12  5.73e-13   114   580     0
3071.10  1.01e-11  6.27e-13   114   618     0
3073.77  9.89e-12  6.07e-13   114   596     0
3076.44  8.67e-12  5.63e-13   114   550     0
3079.11  9.58e-12  8.74e-13   114   596     0
3081.78  1.09e-11  6.90e-13   114   598     0
3084.45  1.10e-11  7.95e-13   114   597     0
3087.12  1.04e-11  6.77e-13   114   531     0
3089.78  1.15e-11  7.37e-13   114   575     0
3092.45  9.18e-12  6.16e-13   114   486     0
3095.12  9.75e-12  6.90e-13   114   467     0
3097.79  1.11e-11  7.25e-13   113   519     0
3100.46  9.02e-12  6.54e-13   113   435     0
3103.13  9.87e-12  6.80e-13   113   466     0
3105.80  9.36e-12  6.48e-13   113   466     0
3108.47  8.79e-12  6.31e-13   113   428     0
3111.14  1.13e-11  7.58e-13   113   511     0
3113.80  1.05e-11  7.14e-13   113   463     0
3116.47  1.04e-11  7.51e-13   113   390     0
3119.14  1.17e-11  8.20e-13   113   433     0
3121.81  1.21e-11  8.33e-13   113   475     0
3124.48  1.04e-11  7.39e-13   113   398     0
3127.15  1.05e-11  9.40e-13   113   386     0
3129.82  9.21e-12  7.37e-13   113   333     0
3132.49  8.51e-12  6.89e-13   113   329     0
3135.16  9.84e-12  7.47e-13   113   376     0
3137.82  8.45e-12  6.93e-13   114   317     0
3140.49  8.99e-12  7.64e-13   114   300     0
3143.16  8.68e-12  7.54e-13   114   284     0
3145.83  8.82e-12  7.75e-13   114   281     0
3148.50  1.07e-11  8.48e-13   114   335     0
3151.17  1.04e-11  8.54e-13   114   312     0
3153.84  1.17e-11  1.05e-12   114   345     0
3156.51  7.18e-12  6.76e-13   114   248     0
3159.18  9.70e-12  7.57e-13   114   330     0
3161.84  8.14e-12  7.34e-13   114   264     0
3164.51  7.15e-12  7.13e-13   114   227     0
3167.18  8.54e-12  7.57e-13   114   262     0
3169.85  7.78e-12  8.92e-13   114   234     0
3172.52  9.31e-12  8.85e-13   114   243     0
3175.19  7.79e-12  8.12e-13   114   211     0
3177.86  9.17e-12  8.75e-13   114   242     0
3180.53  1.01e-11  9.54e-13   114   239     0
3183.20  1.09e-11  1.02e-12   114   252     0
3185.86  6.27e-12  7.35e-13   114   176     0
3188.53  8.11e-12  8.20e-13   114   222     0
3191.20  8.09e-12  9.82e-13   114   188     0
3193.87  8.76e-12  9.77e-13   114   198     0
3196.54  9.75e-12  1.04e-12   114   201     0
3199.21  9.26e-12  1.04e-12   114   185     0
3201.88  6.63e-12  8.59e-13   114   155     0
3204.55  9.34e-12  1.02e-12   115   211     0
3207.22  1.12e-11  1.19e-12   115   201     0
3209.88  7.87e-12  1.10e-12   115   138     0
3212.55  9.24e-12  1.23e-12   115   146     0
3215.22  7.93e-12  1.22e-12   115   122     0
3217.89  8.91e-12  1.29e-12   115   134     0
3220.56  7.37e-12  1.02e-12   115   146     0
3223.23  9.20e-12  1.08e-12   115   179     0
3225.90  1.10e-11  1.40e-12   115   159     0
3228.57  9.37e-12  1.37e-12   115   132     0
3231.24  6.81e-12  1.21e-12   115   103     0
3233.90  1.01e-11  1.34e-12   116   150     0
3236.57  9.00e-12  1.41e-12   116   119     0
3239.24  8.02e-12  1.42e-12   116   103     0
3241.91  9.50e-12  1.62e-12   116   110     0
3244.58  8.22e-12  1.61e-12   116    92     0
3247.25  1.63e-11  2.18e-12   116   146     0
3249.92  1.37e-11  2.20e-12   116   119     0
3252.59  9.72e-12  1.70e-12   116   106     0
3255.26  9.43e-12  1.68e-12   116   104     0
3257.92  6.59e-12  1.64e-12   117    70     0
3260.59  8.51e-12  1.93e-12   117    78     0
3263.26  9.84e-12  2.03e-12   117    87     0
3265.93  1.12e-11  2.68e-12   117    74     0
3268.60  1.09e-11  4.17e-12   117    70     0
3271.27  6.97e-12  1.66e-12   117    74     0
3273.94  6.07e-12  1.68e-12   117    62     0
3276.61  1.22e-11  3.35e-12   118    64     0
3279.28  1.82e-11  3.51e-12   118    94     0
3281.94  1.05e-11  2.79e-12   118    66     0
3284.61  1.12e-11  2.88e-12   118    68     0
3287.28  1.04e-11  2.27e-12   118    87     0
3289.95  1.17e-11  2.25e-12   118    96     0
3292.62  1.08e-11  2.42e-12   118    80     0
3295.29  7.87e-12  3.37e-12   119    40     0
3297.96  9.44e-12  3.52e-12   119    46     0
3300.63  8.02e-12  3.92e-12   119    35     0
3303.30  1.49e-11  4.82e-12   119    62     0
3305.96  1.03e-10  4.47e-11   119    58     0
3308.63  3.43e-11  3.95e-11   120    19     0
3311.30  3.27e-11  1.23e-11   120    63     0
3313.97  1.47e-11  9.41e-12   120    27     0
3316.64  2.70e-11  5.98e-12   120    82     0
3319.31  1.20e-11  5.83e-12   120    35     0
3321.98  1.00e-11  5.90e-12   121    29     0
3324.65 -4.39e-12  5.95e-12   121   -12     0
3327.32  1.63e-11  4.30e-12   121    73     0
3329.98  1.23e-11  4.12e-12   121    53     0
3332.65  5.56e-12  8.50e-12   121    11     0
3335.32  1.29e-11  1.02e-11   122    21     0
3337.99  1.69e-11  1.06e-11   122    27     0
3340.66  1.63e-11  2.65e-11   122    10     0
3343.33  3.93e-11  2.79e-11   122    24     0
3346.00 -3.66e-12  9.95e-12   123    -6     0
3348.67  1.42e-12  9.69e-12   123     2     0
