NOT ORIGINAL IUE PROJECT DATA PRODUCT
SWP9221LOWLARGE
HD  148605
16:27:10
-25:00:24
20
X-TRAIL
NO
3.063
07/06/80
17:14:20
159
7.80
12/08/95
GSFC
2444398.21829
147
17
1150.59  1.13e-09  8.61e-11    28   421     0
1152.27  1.12e-09  8.22e-11    28   442     0
1153.94  1.18e-09  8.00e-11    29   497     0
1155.62  1.06e-09  7.58e-11    29   457     0
1157.29  1.00e-09  7.10e-11    30   465     0
1158.97  1.06e-09  6.85e-11    30   530     0
1160.65  1.09e-09  6.67e-11    30   574     0
1162.32  9.98e-10  6.17e-11    31   565     0
1164.00  9.62e-10  5.83e-11    31   583     0
1165.68  9.72e-10  5.68e-11    31   616     0
1167.35  9.08e-10  5.30e-11    32   616     0
1169.03  8.06e-10  4.85e-11    32   584     0
1170.70  6.67e-10  4.33e-11    32   519     0
1172.38  6.32e-10  4.05e-11    33   524     0
1174.06  7.22e-10  4.14e-11    33   639     0
1175.73  8.86e-10  4.38e-11    33   821     0
1177.41  8.98e-10  4.28e-11    34   885     0
1179.09  8.38e-10  4.01e-11    34   876     0
1180.76  9.14e-10  4.12e-11    34   989     0
1182.44  8.86e-10  3.96e-11    35  1012     0
1184.12  9.33e-10  3.99e-11    35  1124     0
1185.79  8.25e-10  3.61e-11    35  1065     0
1187.47  7.74e-10  3.72e-11    36  1048     0
1189.14  7.20e-10  3.45e-11    36  1018     0
1190.82  7.77e-10  4.02e-11    36  1112     0
1192.50  7.85e-10  4.23e-11    36  1168     0
1194.17  6.67e-10  3.56e-11    37  1029     0
1195.85  5.83e-10  3.11e-11    37   921     0
1197.53  5.64e-10  2.72e-11    37   922     0
1199.20  4.54e-10  2.28e-11    37   764     0
1200.88  3.39e-10  1.99e-11    38   580     0
1202.56  2.44e-10  1.72e-11    38   430     0
1204.23  1.82e-10  1.53e-11    38   330     0
1205.91  1.68e-10  1.45e-11    38   316     0
1207.58  1.15e-10  1.29e-11    38   224     0
1209.26  6.99e-11  1.15e-11    39   139     0
1210.94  8.73e-11  1.18e-11    39   176     0
1212.61  1.19e-10  1.23e-11    39   246     0
1214.29  1.57e-10  1.29e-11    39   332     0
1215.97  2.57e-10  1.51e-11    39   556     0
1217.64  3.65e-10  1.75e-11    39   808     0
1219.32  4.34e-10  1.93e-11    40   982     0
1221.00  5.48e-10  2.20e-11    40  1259     0
1222.67  5.95e-10  2.32e-11    40  1397     0
1224.35  6.49e-10  2.44e-11    40  1550     0
1226.02  6.37e-10  2.40e-11    40  1540     0
1227.70  6.76e-10  2.49e-11    40  1664     0
1229.38  7.89e-10  2.75e-11    40  1972     0
1231.05  7.76e-10  2.72e-11    41  1983     0
1232.73  8.37e-10  2.86e-11    41  2168     0
1234.41  8.33e-10  2.85e-11    41  2188     0
1236.08  8.66e-10  2.92e-11    41  2309     0
1237.76  9.51e-10  3.11e-11    41  2564     0
1239.44  8.75e-10  2.92e-11    41  2386     0
1241.11  9.11e-10  3.01e-11    41  2466     0
1242.79  8.37e-10  2.81e-11    41  2287     0
1244.46  8.18e-10  2.76e-11    41  2257     0
1246.14  8.35e-10  2.79e-11    41  2363     0
1247.82  7.67e-10  2.62e-11    41  2189     0
1249.49  8.37e-10  2.77e-11    41  2406     0
1251.17  8.62e-10  2.85e-11    41  2440     0
1252.85  8.35e-10  2.92e-11    41  2381     0
1254.52  8.56e-10  2.97e-11    41  2457     0
1256.20  7.84e-10  2.65e-11    41  2265     0
1257.87  7.86e-10  2.62e-11    41  2287     0
1259.55  7.85e-10  2.60e-11    41  2296     0
1261.23  8.51e-10  2.76e-11    41  2504     0
1262.90  7.81e-10  2.61e-11    41  2310     0
1264.58  8.42e-10  2.90e-11    41  2507     0
1266.26  8.49e-10  2.75e-11    41  2515     0
1267.93  8.32e-10  2.71e-11    41  2476     0
1269.61  8.47e-10  2.77e-11    41  2530     0
1271.29  8.44e-10  2.74e-11    41  2524     0
1272.96  8.03e-10  2.64e-11    41  2410     0
1274.64  8.53e-10  2.75e-11    41  2569     0
1276.31  8.17e-10  2.82e-11    41  2482     0
1277.99  8.29e-10  2.69e-11    41  2527     0
1279.67  8.24e-10  2.68e-11    41  2517     0
1281.34  8.51e-10  3.22e-11    41  2609     0
1283.02  8.16e-10  2.62e-11    41  2506     0
1284.70  8.24e-10  2.73e-11    41  2534     0
1286.37  7.90e-10  2.52e-11    41  2453     0
1288.05  8.00e-10  2.71e-11    40  2488     0
1289.73  7.46e-10  2.45e-11    40  2323     0
1291.40  7.07e-10  2.36e-11    40  2171     0
1293.08  6.34e-10  2.17e-11    40  1949     0
1294.75  6.11e-10  2.22e-11    40  1879     0
1296.43  5.72e-10  2.00e-11    40  1786     0
1298.11  6.08e-10  2.10e-11    40  1898     0
1299.78  5.89e-10  2.04e-11    40  1837     0
1301.46  6.45e-10  2.17e-11    39  1982     0
1303.14  7.24e-10  2.39e-11    39  2222     0
1304.81  6.87e-10  2.29e-11    39  2106     0
1306.49  7.75e-10  2.64e-11    39  2413     0
1308.17  7.67e-10  2.49e-11    39  2384     0
1309.84  7.71e-10  2.49e-11    39  2394     0
1311.52  8.00e-10  2.56e-11    39  2465     0
1313.19  8.02e-10  2.55e-11    38  2467     0
1314.87  8.48e-10  2.66e-11    38  2604     0
1316.55  8.42e-10  2.63e-11    38  2615     0
1318.22  8.01e-10  2.67e-11    38  2484     0
1319.90  7.81e-10  2.49e-11    38  2418     0
1321.58  7.67e-10  2.45e-11    37  2353     0
1323.25  7.25e-10  2.36e-11    37  2220     0
1324.93  7.32e-10  2.39e-11    37  2235     0
1326.61  7.59e-10  2.43e-11    37  2322     0
1328.28  6.74e-10  2.34e-11    37  2056     0
1329.96  6.46e-10  2.13e-11    36  1966     0
1331.63  5.38e-10  1.91e-11    36  1662     0
1333.31  6.20e-10  2.07e-11    36  1909     0
1334.99  7.29e-10  2.33e-11    36  2238     0
1336.66  8.30e-10  2.57e-11    36  2468     0
1338.34  7.59e-10  2.42e-11    35  2249     0
1340.02  7.16e-10  2.63e-11    35  2117     0
1341.69  7.42e-10  2.79e-11    35  2185     0
1343.37  7.45e-10  2.38e-11    35  2186     0
1345.05  7.47e-10  2.38e-11    34  2200     0
1346.72  7.17e-10  2.32e-11    34  2102     0
1348.40  8.05e-10  2.63e-11    34  2349     0
1350.07  7.27e-10  2.34e-11    34  2095     0
1351.75  7.43e-10  2.40e-11    34  2131     0
1353.43  7.47e-10  2.41e-11    33  2132     0
1355.10  8.00e-10  2.52e-11    33  2257     0
1356.78  7.48e-10  2.49e-11    33  2100     0
1358.46  7.20e-10  2.30e-11    33  2011     0
1360.13  7.25e-10  2.34e-11    32  2029     0
1361.81  6.95e-10  2.23e-11    32  1935     0
1363.48  6.92e-10  2.36e-11    32  1918     0
1365.16  6.90e-10  2.35e-11    31  1910     0
1366.84  6.98e-10  2.24e-11    31  1921     0
1368.51  7.04e-10  2.27e-11    31  1927     0
1370.19  7.41e-10  2.34e-11    31  1999     0
1371.87  7.19e-10  2.31e-11    30  1928     0
1373.54  6.95e-10  2.28e-11    30  1856     0
1375.22  6.36e-10  2.12e-11    30  1703     0
1376.90  7.19e-10  2.32e-11    30  1916     0
1378.57  6.57e-10  2.17e-11    29  1739     0
1380.25  6.41e-10  2.56e-11    29  1695     0
1381.92  6.92e-10  2.22e-11    29  1820     0
1383.60  7.01e-10  2.25e-11    29  1832     0
1385.28  6.49e-10  2.13e-11    28  1668     0
1386.95  6.41e-10  2.10e-11    28  1638     0
1388.63  5.59e-10  1.90e-11    28  1421     0
1390.31  5.14e-10  1.79e-11    27  1303     0
1391.98  5.45e-10  1.87e-11    27  1373     0
1393.66  6.42e-10  2.11e-11    27  1606     0
1395.34  6.64e-10  2.15e-11    27  1650     0
1397.01  5.98e-10  1.98e-11    26  1477     0
1398.69  5.91e-10  1.96e-11    26  1449     0
1400.36  5.72e-10  1.94e-11    26  1392     0
1402.04  5.73e-10  2.05e-11    25  1385     0
1403.72  6.84e-10  2.36e-11    25  1644     0
1405.39  6.20e-10  2.15e-11    25  1491     0
1407.07  6.57e-10  2.13e-11    25  1569     0
1408.75  6.32e-10  2.08e-11    24  1498     0
1410.42  6.07e-10  2.00e-11    24  1439     0
1412.10  5.94e-10  2.10e-11    24  1399     0
1413.78  5.89e-10  1.98e-11    23  1378     0
1415.45  6.18e-10  2.05e-11    23  1417     0
1417.13  6.16e-10  2.04e-11    23  1402     0
1418.80  6.36e-10  2.10e-11    23  1439     0
1420.48  6.45e-10  2.11e-11    22  1457     0
1422.16  6.50e-10  2.11e-11    22  1458     0
1423.83  6.54e-10  2.13e-11    22  1457     0
1425.51  6.39e-10  2.10e-11    22  1409     0
1427.19  6.29e-10  2.07e-11    21  1379     0
1428.86  6.77e-10  2.20e-11    21  1475     0
1430.54  6.75e-10  2.16e-11    21  1479     0
1432.22  6.18e-10  2.04e-11    20  1347     0
1433.89  6.46e-10  2.10e-11    20  1399     0
1435.57  6.71e-10  2.34e-11    20  1428     0
1437.24  6.33e-10  2.07e-11    20  1340     0
1438.92  7.01e-10  2.21e-11    19  1477     0
1440.60  6.29e-10  2.09e-11    19  1316     0
1442.27  6.39e-10  2.10e-11    19  1329     0
1443.95  6.61e-10  2.13e-11    19  1370     0
1445.63  6.58e-10  2.12e-11    18  1363     0
1447.30  6.42e-10  2.19e-11    18  1326     0
1448.98  6.50e-10  2.09e-11    18  1336     0
1450.66  6.25e-10  2.05e-11    17  1271     0
1452.33  6.12e-10  2.02e-11    17  1240     0
1454.01  6.26e-10  2.15e-11    17  1264     0
1455.68  6.81e-10  2.16e-11    17  1382     0
1457.36  6.16e-10  2.02e-11    16  1245     0
1459.04  5.89e-10  1.96e-11    16  1187     0
1460.71  5.84e-10  1.95e-11    16  1157     0
1462.39  6.02e-10  1.98e-11    16  1189     0
1464.07  5.80e-10  1.92e-11    15  1144     0
1465.74  6.11e-10  2.00e-11    15  1219     0
1467.42  6.34e-10  2.32e-11    15  1262     0
1469.09  6.15e-10  1.97e-11    15  1221     0
1470.77  6.01e-10  1.96e-11    14  1182     0
1472.45  6.18e-10  2.22e-11    14  1212     0
1474.12  6.30e-10  2.01e-11    14  1234     0
1475.80  5.58e-10  1.87e-11    14  1089     0
1477.48  6.05e-10  2.21e-11    14  1177     0
1479.15  5.73e-10  1.93e-11    13  1113     0
1480.83  6.31e-10  2.03e-11    13  1237     0
1482.51  5.82e-10  1.89e-11    13  1140     0
1484.18  5.50e-10  1.82e-11    13  1074     0
1485.86  5.53e-10  1.84e-11    12  1072     0
1487.53  5.67e-10  1.86e-11    12  1096     0
1489.21  5.62e-10  1.85e-11    12  1083     0
1490.89  5.68e-10  1.85e-11    12  1099     0
1492.56  5.94e-10  1.92e-11    12  1147     0
1494.24  5.49e-10  1.82e-11    11  1056     0
1495.92  5.50e-10  1.81e-11    11  1049     0
1497.59  5.17e-10  1.73e-11    11   982     0
1499.27  5.18e-10  1.74e-11    11   982     0
1500.95  5.47e-10  1.81e-11    11  1019     0
1502.62  5.28e-10  1.77e-11    10   979     0
1504.30  5.10e-10  1.73e-11    10   941     0
1505.97  5.53e-10  1.84e-11    10  1009     0
1507.65  5.18e-10  1.75e-11    10   941     0
1509.33  4.91e-10  1.69e-11    10   888     0
1511.00  5.02e-10  1.69e-11     9   920     0
1512.68  4.65e-10  1.63e-11     9   848     0
1514.36  4.90e-10  1.68e-11     9   890     0
1516.03  5.08e-10  1.72e-11     9   916     0
1517.71  5.14e-10  1.72e-11     9   924     0
1519.39  5.71e-10  1.83e-11     9  1023     0
1521.06  4.88e-10  1.67e-11     8   878     0
1522.74  4.67e-10  1.63e-11     8   837     0
1524.41  5.03e-10  1.69e-11     8   898     0
1526.09  4.87e-10  1.67e-11     8   867     0
1527.77  4.43e-10  1.57e-11     8   786     0
1529.44  4.52e-10  1.59e-11     8   801     0
1531.12  4.90e-10  1.67e-11     8   854     0
1532.80  4.72e-10  1.63e-11     7   820     0
1534.47  4.82e-10  1.65e-11     7   837     0
1536.15  4.76e-10  1.64e-11     7   827     0
1537.83  4.90e-10  1.75e-11     7   851     0
1539.50  4.71e-10  1.62e-11     7   819     0
1541.18  4.50e-10  1.58e-11     7   779     0
1542.85  4.76e-10  1.63e-11     7   824     0
1544.53  4.69e-10  1.61e-11     6   813     0
1546.21  4.59e-10  1.58e-11     6   798     0
1547.88  4.48e-10  1.73e-11     6   780     0
1549.56  4.87e-10  1.72e-11     6   848     0
1551.24  5.24e-10  1.71e-11     6   914     0
1552.91  4.90e-10  1.62e-11     6   855     0
1554.59  4.35e-10  1.53e-11     6   760     0
1556.26  4.29e-10  1.49e-11     6   745     0
1557.94  4.44e-10  1.53e-11     6   772     0
1559.62  4.94e-10  1.62e-11     6   859     0
1561.29  4.57e-10  1.55e-11     5   803     0
1562.97  4.74e-10  1.57e-11     5   832     0
1564.65  4.63e-10  1.68e-11     5   814     0
1566.32  5.00e-10  1.79e-11     5   880     0
1568.00  4.89e-10  1.65e-11     5   861     0
1569.68  4.57e-10  1.53e-11     5   806     0
1571.35  4.56e-10  1.52e-11     5   803     0
1573.03  4.84e-10  1.56e-11     5   853     0
1574.70  4.68e-10  1.53e-11     5   825     0
1576.38  4.33e-10  1.79e-11     5   766     0
1578.06  4.70e-10  1.52e-11     5   833     0
1579.73  4.77e-10  1.53e-11     5   846     0
1581.41  4.79e-10  1.54e-11     5   849     0
1583.09  5.10e-10  1.59e-11     5   904     0
1584.76  4.82e-10  1.54e-11     4   857     0
1586.44  4.69e-10  1.52e-11     4   826     0
1588.12  4.86e-10  1.54e-11     4   857     0
1589.79  4.64e-10  1.50e-11     4   819     0
1591.47  4.73e-10  1.50e-11     4   842     0
1593.14  4.90e-10  1.56e-11     4   873     0
1594.82  4.80e-10  1.50e-11     4   858     0
1596.50  4.83e-10  1.55e-11     4   857     0
1598.17  4.51e-10  1.46e-11     4   802     0
1599.85  4.47e-10  1.44e-11     4   795     0
1601.53  4.55e-10  1.44e-11     4   817     0
1603.20  4.50e-10  1.43e-11     4   810     0
1604.88  4.75e-10  1.52e-11     4   856     0
1606.56  4.96e-10  1.50e-11     4   894     0
1608.23  4.91e-10  1.48e-11     4   887     0
1609.91  4.82e-10  1.47e-11     4   872     0
1611.58  4.95e-10  1.48e-11     4   907     0
1613.26  5.20e-10  1.51e-11     4   956     0
1614.94  4.84e-10  1.45e-11     4   891     0
1616.61  4.54e-10  1.41e-11     4   823     0
1618.29  4.47e-10  1.39e-11     4   812     0
1619.97  4.54e-10  1.39e-11     4   827     0
1621.64  4.96e-10  1.45e-11     4   913     0
1623.32  4.90e-10  1.44e-11     4   904     0
1625.00  4.74e-10  1.41e-11     4   877     0
1626.67  4.72e-10  1.40e-11     4   874     0
1628.35  4.77e-10  1.40e-11     4   884     0
1630.02  4.67e-10  1.38e-11     4   878     0
1631.70  4.60e-10  1.38e-11     4   868     0
1633.38  5.00e-10  1.42e-11     4   945     0
1635.05  4.71e-10  1.42e-11     4   881     0
1636.73  4.72e-10  1.37e-11     4   886     0
1638.41  4.83e-10  1.38e-11     4   909     0
1640.08  4.94e-10  1.39e-11     4   935     0
1641.76  4.92e-10  1.38e-11     4   933     0
1643.44  4.66e-10  1.34e-11     4   887     0
1645.11  5.05e-10  1.39e-11     4   965     0
1646.79  4.82e-10  1.35e-11     4   924     0
1648.46  4.97e-10  1.37e-11     4   956     0
1650.14  4.72e-10  1.33e-11     4   915     0
1651.82  4.81e-10  1.51e-11     4   935     0
1653.49  4.70e-10  1.31e-11     4   918     0
1655.17  4.73e-10  1.31e-11     4   932     0
1656.85  4.77e-10  1.34e-11     5   945     0
1658.52  4.56e-10  1.35e-11     5   906     0
1660.20  4.86e-10  1.35e-11     5   972     0
1661.87  4.68e-10  1.86e-11     5   940     0
1663.55  4.62e-10  1.30e-11     5   931     0
1665.23  4.47e-10  1.24e-11     5   897     0
1666.90  4.46e-10  1.23e-11     5   899     0
1668.58  4.45e-10  1.23e-11     5   901     0
1670.26  4.50e-10  1.23e-11     5   909     0
1671.93  4.54e-10  1.23e-11     5   921     0
1673.61  4.62e-10  1.23e-11     5   941     0
1675.29  4.83e-10  1.48e-11     5   991     0
1676.96  4.83e-10  1.25e-11     5   995     0
1678.64  4.76e-10  1.23e-11     5   987     0
1680.31  4.75e-10  1.22e-11     5  1000     0
1681.99  4.55e-10  1.28e-11     5   961     0
1683.67  4.40e-10  1.16e-11     5   935     0
1685.34  4.61e-10  1.18e-11     5   988     0
1687.02  4.28e-10  1.13e-11     5   921     0
1688.70  4.40e-10  1.14e-11     5   953     0
1690.37  4.56e-10  1.16e-11     5   982     0
1692.05  4.39e-10  1.13e-11     6   950     0
1693.73  4.38e-10  1.12e-11     6   954     0
1695.40  4.54e-10  1.13e-11     6  1004     0
1697.08  4.38e-10  1.11e-11     6   974     0
1698.75  4.19e-10  1.08e-11     6   936     0
1700.43  4.31e-10  1.09e-11     6   965     0
1702.11  4.21e-10  1.07e-11     6   947     0
1703.78  4.33e-10  1.08e-11     6   980     0
1705.46  4.08e-10  1.05e-11     6   928     0
1707.14  4.01e-10  1.04e-11     6   918     0
1708.81  3.99e-10  1.02e-11     6   919     0
1710.49  4.20e-10  1.04e-11     6   967     0
1712.17  4.31e-10  1.05e-11     6   997     0
1713.84  4.02e-10  1.01e-11     6   936     0
1715.52  3.76e-10  9.70e-12     6   891     0
1717.19  3.56e-10  9.41e-12     6   849     0
1718.87  3.59e-10  9.40e-12     6   862     0
1720.55  3.66e-10  9.45e-12     6   880     0
1722.22  3.93e-10  9.68e-12     6   952     0
1723.90  4.04e-10  9.72e-12     7   982     0
1725.58  4.24e-10  9.89e-12     7  1033     0
1727.25  4.09e-10  9.66e-12     7  1001     0
1728.93  4.13e-10  9.97e-12     7  1018     0
1730.61  4.07e-10  9.51e-12     7  1020     0
1732.28  4.18e-10  9.52e-12     7  1053     0
1733.96  4.12e-10  9.41e-12     7  1045     0
1735.63  4.03e-10  9.19e-12     7  1042     0
1737.31  3.98e-10  9.09e-12     7  1034     0
1738.99  4.00e-10  9.04e-12     7  1046     0
1740.66  3.97e-10  9.00e-12     7  1034     0
1742.34  4.03e-10  8.99e-12     7  1057     0
1744.02  3.77e-10  8.72e-12     7   995     0
1745.69  3.68e-10  8.57e-12     7   980     0
1747.37  4.01e-10  8.78e-12     7  1074     0
1749.04  4.19e-10  8.95e-12     7  1128     0
1750.72  4.15e-10  8.85e-12     7  1106     0
1752.40  4.02e-10  8.71e-12     7  1077     0
1754.07  4.06e-10  8.68e-12     7  1095     0
1755.75  3.82e-10  8.40e-12     7  1045     0
1757.43  3.67e-10  8.22e-12     7  1009     0
1759.10  3.81e-10  8.29e-12     7  1054     0
1760.78  3.91e-10  8.27e-12     7  1091     0
1762.46  3.86e-10  8.18e-12     7  1084     0
1764.13  3.76e-10  8.06e-12     7  1061     0
1765.81  3.92e-10  8.16e-12     7  1101     0
1767.48  3.97e-10  8.14e-12     7  1119     0
1769.16  3.81e-10  8.08e-12     7  1080     0
1770.84  3.85e-10  7.95e-12     7  1100     0
1772.51  3.85e-10  7.91e-12     7  1106     0
1774.19  3.82e-10  7.83e-12     7  1100     0
1775.87  3.87e-10  7.77e-12     7  1128     0
1777.54  3.84e-10  7.70e-12     7  1125     0
1779.22  3.84e-10  7.66e-12     7  1129     0
1780.90  3.95e-10  7.66e-12     7  1169     0
1782.57  3.81e-10  7.55e-12     7  1132     0
1784.25  3.64e-10  7.41e-12     7  1086     0
1785.92  3.77e-10  8.40e-12     7  1125     0
1787.60  3.87e-10  1.36e-11     7  1158     0
1789.28  3.79e-10  1.18e-11     7  1137     0
1790.95  3.87e-10  1.03e-11     7  1167     0
1792.63  3.68e-10  9.54e-12     7  1115     0
1794.31  3.81e-10  7.92e-12     7  1158     0
1795.98  3.81e-10  7.27e-12     7  1152     0
1797.66  3.68e-10  7.16e-12     7  1116     0
1799.34  3.75e-10  7.15e-12     7  1140     0
1801.01  3.60e-10  7.09e-12     7  1090     0
1802.69  3.60e-10  7.05e-12     7  1092     0
1804.36  3.63e-10  7.04e-12     7  1103     0
1806.04  3.75e-10  6.99e-12     7  1158     0
1807.72  3.71e-10  6.93e-12     7  1147     0
1809.39  3.61e-10  6.86e-12     7  1119     0
1811.07  3.63e-10  6.86e-12     7  1120     0
1812.75  3.74e-10  6.88e-12     7  1157     0
1814.42  3.66e-10  6.82e-12     7  1135     0
1816.10  3.64e-10  6.77e-12     7  1134     0
1817.78  3.49e-10  6.68e-12     7  1089     0
1819.45  3.61e-10  6.70e-12     7  1128     0
1821.13  3.75e-10  6.73e-12     7  1172     0
1822.80  3.71e-10  6.69e-12     6  1161     0
1824.48  3.51e-10  6.58e-12     6  1100     0
1826.16  3.48e-10  6.53e-12     6  1096     0
1827.83  3.44e-10  6.49e-12     6  1084     0
1829.51  3.53e-10  6.50e-12     6  1114     0
1831.19  3.60e-10  6.53e-12     6  1132     0
1832.86  3.58e-10  6.50e-12     6  1127     0
1834.54  3.52e-10  6.46e-12     6  1108     0
1836.22  3.40e-10  6.39e-12     6  1070     0
1837.89  3.35e-10  6.35e-12     6  1055     0
1839.57  3.21e-10  6.27e-12     6  1012     0
1841.24  3.27e-10  6.30e-12     6  1026     0
1842.92  3.23e-10  6.26e-12     5  1012     0
1844.60  3.26e-10  6.26e-12     5  1020     0
1846.27  3.21e-10  6.23e-12     5  1004     0
1847.95  3.16e-10  6.19e-12     5   988     0
1849.63  3.14e-10  6.17e-12     5   981     0
1851.30  3.11e-10  6.10e-12     5   980     0
1852.98  3.22e-10  6.14e-12     5  1016     0
1854.65  3.19e-10  6.11e-12     5  1004     0
1856.33  3.22e-10  6.14e-12     5  1005     0
1858.01  3.16e-10  6.10e-12     4   985     0
1859.68  3.23e-10  6.13e-12     4  1007     0
1861.36  3.33e-10  6.14e-12     4  1042     0
1863.04  3.35e-10  6.26e-12     4  1047     0
1864.71  3.38e-10  6.13e-12     4  1056     0
1866.39  3.42e-10  6.15e-12     4  1063     0
1868.07  3.42e-10  6.14e-12     4  1062     0
1869.74  3.49e-10  6.15e-12     4  1080     0
1871.42  3.50e-10  6.14e-12     4  1083     0
1873.09  3.37e-10  6.08e-12     3  1042     0
1874.77  3.35e-10  6.07e-12     3  1033     0
1876.45  3.38e-10  6.11e-12     3  1030     0
1878.12  3.27e-10  6.06e-12     3   995     0
1879.80  3.28e-10  6.06e-12     3   996     0
1881.48  3.09e-10  5.93e-12     3   947     0
1883.15  3.10e-10  5.92e-12     3   949     0
1884.83  3.09e-10  5.91e-12     2   943     0
1886.51  3.04e-10  5.88e-12     2   927     0
1888.18  3.00e-10  5.85e-12     2   912     0
1889.86  2.98e-10  5.84e-12     2   905     0
1891.53  3.12e-10  5.91e-12     2   939     0
1893.21  3.19e-10  5.94e-12     2   960     0
1894.89  3.13e-10  5.91e-12     2   938     0
1896.56  3.05e-10  5.84e-12     1   918     0
1898.24  3.05e-10  5.83e-12     1   917     0
1899.92  3.06e-10  5.83e-12     1   920     0
1901.59  3.03e-10  5.80e-12     1   911     0
1903.27  3.09e-10  5.83e-12     1   928     0
1904.95  3.09e-10  5.82e-12     1   924     0
1906.62  3.04e-10  5.79e-12     1   907     0
1908.30  2.99e-10  5.75e-12     0   892     0
1909.97  2.95e-10  5.72e-12     0   880     0
1911.65  2.87e-10  5.67e-12     0   857     0
1913.33  2.85e-10  5.64e-12     0   848     0
1915.00  2.88e-10  5.68e-12     0   856     0
1916.68  2.89e-10  5.73e-12     0   865     0
1918.36  2.90e-10  5.70e-12     0   866     0
1920.03  2.89e-10  5.83e-12     0   859     0
1921.71  2.81e-10  5.85e-12     0   835     0
1923.39  2.80e-10  5.85e-12     0   832     0
1925.06  2.83e-10  5.69e-12     0   837     0
1926.74  2.88e-10  5.71e-12     0   852     0
1928.41  2.89e-10  5.60e-12     0   855     0
1930.09  2.93e-10  5.62e-12     0   866     0
1931.77  2.94e-10  5.61e-12     0   872     0
1933.44  2.86e-10  5.54e-12     0   848     0
1935.12  2.86e-10  5.48e-12     0   861     0
1936.80  2.88e-10  5.48e-12    -1   868     0
1938.47  2.92e-10  5.48e-12    -1   881     0
1940.15  2.98e-10  5.52e-12    -1   897     0
1941.82  2.98e-10  5.50e-12    -1   901     0
1943.50  2.96e-10  5.47e-12    -1   895     0
1945.18  2.91e-10  5.41e-12    -1   884     0
1946.85  2.84e-10  5.35e-12    -1   867     0
1948.53  2.71e-10  5.25e-12    -1   828     0
1950.21  2.62e-10  5.14e-12    -1   812     0
1951.88  2.62e-10  5.12e-12    -1   815     0
1953.56  2.63e-10  5.11e-12    -1   820     0
1955.24  2.62e-10  5.10e-12    -1   816     0
1956.91  2.61e-10  5.07e-12    -1   814     0
1958.59  2.63e-10  5.07e-12    -1   821     0
1960.26  2.74e-10  5.13e-12    -1   855     0
1961.94  2.80e-10  5.15e-12    -1   875     0
1963.62  2.84e-10  5.16e-12    -1   888     0
1965.29  2.89e-10  5.21e-12    -1   896     0
1966.97  2.89e-10  5.20e-12    -1   896     0
1968.65  2.86e-10  5.17e-12    -1   886     0
1970.32  2.83e-10  5.14e-12    -1   875     0
1972.00  2.83e-10  5.15e-12    -1   871     0
1973.68  2.83e-10  5.16e-12    -1   866     0
1975.35  2.79e-10  5.13e-12    -1   851     0
1977.03  2.73e-10  5.09e-12    -1   827     0
1978.70  2.66e-10  5.05e-12    -1   802     0